# 2pts measurement, sourcing 1mA
# index	time	T_plat(K)	T_samp(K)	V(V)
0	0.09	3.922	3.983	0.002732714
1	1.284	3.924	3.975	0.002733984
2	2.447	3.924	3.975	0.002734577
3	3.612	3.92	3.973	0.002733221
4	4.774	3.92	3.973	0.002734408
5	5.926	3.915	3.976	0.002734153
6	7.09	3.915	3.976	0.002736278
7	8.239	3.906	3.979	0.002732116
8	9.387	3.906	3.979	0.002733051
9	10.535	3.907	3.976	0.002733643
10	11.68	3.907	3.976	0.002735003
11	12.86	3.91	3.967	0.002733475
12	14.025	3.91	3.967	0.002733645
13	15.184	3.911	3.96	0.002733644
14	16.331	3.911	3.96	0.002732031
15	17.482	3.901	3.96	0.00273237
16	18.628	3.901	3.96	0.002734493
17	19.778	3.904	3.963	0.002732118
18	20.98	3.904	3.963	0.002732118
19	22.135	4.055	4.021	0.002732118
20	23.284	4.055	4.021	0.002731778
21	24.444	4.202	4.223	0.002732543
22	25.593	4.202	4.223	0.002731779
23	26.754	4.457	4.422	0.00273212
24	27.899	4.457	4.422	0.002732629
25	29.046	4.633	4.635	0.002733049
26	30.193	4.633	4.635	0.002732371
27	31.361	4.893	4.833	0.002734833
28	32.509	4.893	4.833	0.00273322
29	33.659	5.102	5.087	0.002731946
30	34.828	5.102	5.087	0.002733902
31	35.979	5.231	5.234	0.002733137
32	37.128	5.231	5.234	0.002733306
33	38.274	5.382	5.337	0.002732116
34	39.453	5.382	5.337	0.002731862
35	40.605	5.601	5.579	0.002732287
36	41.764	5.601	5.579	0.002732285
37	42.934	5.742	5.734	0.002732456
38	44.092	5.742	5.734	0.002732541
39	45.239	5.934	5.872	0.002732117
40	46.4	5.934	5.872	0.002732118
41	47.555	6.135	6.003	0.002730673
42	48.711	6.135	6.003	0.002731438
43	49.873	6.262	6.178	0.002733305
44	51.022	6.262	6.178	0.002732117
45	52.169	6.375	6.404	0.002732286
46	53.327	6.375	6.404	0.002731606
47	54.478	6.554	6.584	0.002731353
48	55.624	6.554	6.584	0.002729994
49	56.776	6.706	6.737	0.002733223
50	57.939	6.706	6.737	0.002732542
51	59.089	6.807	6.836	0.002733562
52	60.248	6.807	6.836	0.002731607
53	61.397	6.91	6.934	0.002732118
54	62.559	6.91	6.934	0.002731777
55	63.708	7.104	7.126	0.002732286
56	64.865	7.104	7.126	0.002730419
57	66.017	7.244	7.266	0.002730338
58	67.182	7.244	7.266	0.002732202
59	68.332	7.429	7.455	0.002729484
60	69.495	7.429	7.455	0.002730587
61	70.661	7.595	7.624	0.002731864
62	71.866	7.691	7.718	0.002730928
63	73.022	7.691	7.718	0.00273263
64	74.186	7.869	7.888	0.002732287
65	75.349	7.869	7.888	0.002731947
66	76.51	8.026	8.041	0.002731354
67	77.67	8.026	8.041	0.002731778
68	78.862	8.131	8.149	0.002731861
69	80.014	8.131	8.149	0.002730247
70	81.167	8.2	8.225	0.002731012
71	82.326	8.2	8.225	0.002731523
72	83.474	8.39	8.389	0.002731947
73	84.623	8.39	8.389	0.002732714
74	85.774	8.503	8.493	0.002731269
75	86.953	8.503	8.493	0.002730675
76	88.101	8.57	8.563	0.002731863
77	89.249	8.57	8.563	0.002731523
78	90.401	8.613	8.625	0.002732459
79	91.548	8.613	8.625	0.002732286
80	92.697	8.65	8.682	0.002730929
81	93.845	8.65	8.682	0.002732287
82	95.006	8.755	8.764	0.002735
83	96.155	8.755	8.764	0.002862042
84	97.316	8.884	8.889	0.003301961
85	98.465	8.884	8.889	0.003450129
86	99.627	8.96	8.889	0.003530578
87	100.793	8.96	8.889	0.003511824
88	101.954	9.003	8.999	0.003550264
89	103.1	9.003	8.999	0.003554083
90	104.249	9.03	9.048	0.003556119
91	105.392	9.03	9.048	0.003567238
92	106.538	9.111	9.066	0.00356953
93	107.685	9.111	9.066	0.003570715
94	108.831	9.232	9.253	0.003570464
95	109.98	9.232	9.253	0.003571226
96	111.129	9.495	9.442	0.003570461
97	112.272	9.495	9.442	0.00357063
98	113.422	9.808	9.628	0.003571055
99	114.574	9.808	9.628	0.003570291
100	115.727	10.003	9.976	0.003571906
101	116.903	10.003	9.976	0.00357165
102	118.052	10.152	10.118	0.003570634
103	119.198	10.152	10.118	0.00357131
104	120.345	10.058	10.21	0.003571311
105	121.501	10.058	10.21	0.003571991
106	122.647	9.813	9.991	0.003569696
107	123.793	9.813	9.991	0.003569441
108	124.945	9.714	9.769	0.003570804
109	126.1	9.714	9.769	0.003570376
110	127.253	9.667	9.7	0.003572329
111	128.4	9.667	9.7	0.003573009
112	129.549	9.641	9.661	0.003571223
113	130.704	9.641	9.661	0.003568849
114	131.848	9.564	9.626	0.003569524
115	132.998	9.564	9.626	0.003570042
116	134.155	9.453	9.545	0.00356995
117	135.299	9.453	9.545	0.003570715
118	136.449	9.378	9.432	0.003571138
119	137.611	9.378	9.432	0.003571398
120	138.776	9.24	9.322	0.003570124
121	139.924	9.24	9.322	0.00356817
122	141.105	9.137	9.183	0.003569018
123	142.252	9.137	9.183	0.003558582
124	143.403	9.078	9.11	0.003561466
125	144.561	9.078	9.11	0.003554081
126	145.72	9.007	9.068	0.003404137
127	146.899	9.007	9.068	0.003173651
128	148.044	8.849	8.979	0.00274459
129	149.191	8.849	8.979	0.002740179
130	150.349	8.75	8.776	0.002738142
131	151.507	8.75	8.776	0.002730843
132	152.658	8.698	8.726	0.002732541
133	153.814	8.698	8.726	0.002731778
134	154.964	8.557	8.59	0.002728467
135	156.109	8.557	8.59	0.002731014
136	157.283	8.428	8.457	0.002730846
137	158.444	8.428	8.457	0.002729061
138	159.594	8.359	8.379	0.002731353
139	160.752	8.359	8.379	0.002728722
140	161.902	7.876	7.898	0.002728384
141	163.05	7.876	7.898	0.002730675
142	164.2	7.352	7.385	0.002729825
143	165.348	7.352	7.385	0.002732372
144	166.5	7.076	7.114	0.002730759
145	167.683	7.076	7.114	0.002730164
146	168.83	6.908	6.839	0.00273042
147	169.978	6.908	6.839	0.002731012
148	171.122	6.251	6.545	0.00272957
149	172.273	6.251	6.545	0.002729912
150	173.424	5.898	5.939	0.002730929
151	174.573	5.898	5.939	0.002730333
152	175.725	5.663	5.677	0.002730505
153	176.904	5.663	5.677	0.002729572
154	178.065	5.407	5.455	0.002729571
