# 4pts measurement, sourcing 25 µA
# index	time	T_plat(K)	T_samp(K)	V(V)
0	0.111	3.1	3.168	1.550337e-05
1	1.27	3.1	3.168	1.486326e-05
2	2.416	3.105	3.172	1.57286e-05
3	3.569	3.105	3.172	1.551522e-05
4	4.715	3.33	3.315	1.515955e-05
5	5.861	3.33	3.315	1.564563e-05
6	7.003	3.542	3.537	1.565749e-05
7	8.148	3.542	3.537	1.549155e-05
8	9.294	3.714	3.719	1.504106e-05
9	10.441	3.714	3.719	1.540854e-05
10	11.584	3.834	3.847	1.539668e-05
11	12.727	3.834	3.847	1.543224e-05
12	13.869	3.943	3.959	1.547966e-05
13	15.01	3.943	3.959	1.511216e-05
14	16.151	4.03	4.053	1.575228e-05
15	17.289	4.03	4.053	1.538483e-05
16	18.424	4.09	4.123	1.551514e-05
17	19.564	4.09	4.123	1.517145e-05
18	20.703	4.141	4.189	1.544411e-05
19	21.848	4.141	4.189	1.507658e-05
20	22.992	4.176	4.225	1.606041e-05
21	24.137	4.176	4.225	1.543223e-05
22	25.282	4.2	4.249	1.553892e-05
23	26.425	4.2	4.249	1.543222e-05
24	27.569	4.215	4.263	1.505291e-05
25	28.712	4.215	4.263	1.615533e-05
26	29.86	4.231	4.279	1.495809e-05
27	31.01	4.231	4.279	1.485141e-05
28	32.159	4.251	4.299	1.632128e-05
29	33.306	4.251	4.299	1.602495e-05
30	34.452	4.27	4.319	1.527806e-05
31	35.599	4.27	4.319	1.553891e-05
32	36.75	4.283	4.333	1.546781e-05
33	37.897	4.283	4.333	1.491065e-05
34	39.049	4.293	4.343	1.491065e-05
35	40.195	4.293	4.343	1.488696e-05
36	41.346	4.309	4.358	1.607232e-05
37	42.492	4.309	4.358	1.499366e-05
38	43.643	4.33	4.379	1.57997e-05
39	44.795	4.33	4.379	1.539663e-05
40	45.944	4.352	4.402	1.549148e-05
41	47.106	4.352	4.402	1.570486e-05
42	48.254	4.37	4.421	1.511219e-05
43	49.402	4.37	4.421	1.561002e-05
44	50.549	4.382	4.432	1.570485e-05
45	51.698	4.382	4.432	1.555077e-05
46	52.845	4.396	4.445	1.568114e-05
47	53.995	4.396	4.445	1.542038e-05
48	55.143	4.416	4.465	1.520701e-05
49	56.296	4.416	4.465	1.46973e-05
50	57.447	4.444	4.494	1.521887e-05
51	58.596	4.444	4.494	1.498176e-05
52	59.747	4.465	4.516	1.496993e-05
53	60.893	4.465	4.516	1.539667e-05
54	62.044	4.479	4.53	1.512404e-05
55	63.205	4.479	4.53	1.533739e-05
56	64.356	4.492	4.542	1.526625e-05
57	65.51	4.492	4.542	1.540852e-05
58	66.66	4.514	4.563	1.496993e-05
59	67.811	4.514	4.563	1.462619e-05
60	68.965	4.54	4.588	1.518329e-05
61	70.135	4.54	4.588	1.50766e-05
62	71.284	4.56	4.609	1.533739e-05
63	72.432	4.56	4.609	1.577599e-05
64	73.586	4.572	4.622	1.527809e-05
65	74.734	4.572	4.622	1.528998e-05
66	75.879	4.598	4.634	1.539668e-05
67	77.026	4.598	4.634	1.491066e-05
68	78.175	4.62	4.653	1.534927e-05
69	79.326	4.62	4.653	1.494621e-05
70	80.479	4.635	4.68	1.532555e-05
71	81.624	4.635	4.68	1.486321e-05
72	82.774	4.651	4.707	1.538476e-05
73	83.937	4.651	4.707	1.519515e-05
74	85.095	4.676	4.727	1.539663e-05
75	86.244	4.676	4.727	1.485134e-05
76	87.398	4.703	4.74	1.572854e-05
77	88.688	4.703	4.74	1.513587e-05
78	89.862	4.724	4.754	1.540849e-05
79	91.078	4.738	4.777	1.57167e-05
80	92.225	4.738	4.777	1.556263e-05
81	93.383	4.751	4.803	1.603679e-05
82	94.534	4.751	4.803	1.58234e-05
83	95.685	4.772	4.825	1.519514e-05
84	96.834	4.772	4.825	1.565742e-05
85	97.985	4.798	4.839	1.467358e-05
86	99.138	4.798	4.839	1.542035e-05
87	100.286	4.822	4.851	1.559818e-05
88	101.438	4.822	4.851	1.526626e-05
89	102.585	4.838	4.871	1.527809e-05
90	103.733	4.838	4.871	1.505286e-05
91	104.881	4.851	4.897	1.525439e-05
92	106.025	4.851	4.897	1.513587e-05
93	107.19	4.868	4.921	1.537294e-05
94	108.341	4.868	4.921	1.527813e-05
95	109.489	4.892	4.937	1.500546e-05
96	110.64	4.892	4.937	1.575225e-05
97	111.788	4.918	4.948	1.534921e-05
98	112.937	4.918	4.948	1.45669e-05
99	114.101	4.924	4.966	1.524256e-05
100	115.251	4.924	4.966	1.549137e-05
101	116.399	4.95	4.99	1.515955e-05
102	117.548	4.95	4.99	1.523068e-05
103	118.699	4.964	5.015	1.524254e-05
104	119.854	4.964	5.015	1.511213e-05
105	121.005	4.988	5.034	1.468542e-05
106	122.154	4.988	5.034	1.513586e-05
107	123.304	5.014	5.046	1.491061e-05
108	124.452	5.014	5.046	1.487508e-05
109	125.599	5.036	5.061	1.553889e-05
110	126.748	5.036	5.061	1.539663e-05
111	127.903	5.048	5.08	1.593006e-05
112	129.056	5.048	5.08	1.500544e-05
113	130.219	5.065	5.1	1.552702e-05
114	131.366	5.065	5.1	1.512401e-05
115	132.514	5.077	5.114	1.531365e-05
116	133.663	5.077	5.114	1.552702e-05
117	134.815	5.091	5.126	1.512399e-05
118	135.967	5.091	5.126	1.544407e-05
119	137.115	5.108	5.142	1.564554e-05
120	138.266	5.108	5.142	1.513585e-05
121	139.416	5.132	5.161	1.525435e-05
122	140.57	5.132	5.161	1.500548e-05
123	141.72	5.16	5.189	1.530179e-05
124	142.874	5.16	5.189	1.501727e-05
125	144.03	5.184	5.216	1.515954e-05
126	145.172	5.184	5.216	1.502917e-05
127	146.314	5.198	5.234	1.559812e-05
128	147.46	5.198	5.234	1.531366e-05
129	148.605	5.213	5.244	1.544404e-05
130	149.749	5.213	5.244	1.521881e-05
131	150.891	5.238	5.265	1.483948e-05
132	152.035	5.238	5.265	1.485134e-05
133	153.181	5.266	5.294	1.486314e-05
134	154.329	5.266	5.294	1.521881e-05
135	155.473	5.291	5.322	1.523063e-05
136	156.616	5.291	5.322	1.512401e-05
137	157.765	5.307	5.341	1.558629e-05
138	158.906	5.307	5.341	1.542026e-05
139	160.05	5.32	5.354	1.50647e-05
140	161.195	5.32	5.354	1.551518e-05
141	162.337	5.336	5.365	1.499358e-05
142	163.482	5.336	5.365	1.563372e-05
143	164.625	5.362	5.39	1.519506e-05
144	165.769	5.362	5.39	1.525439e-05
145	166.911	5.389	5.418	1.550333e-05
146	168.061	5.389	5.418	1.500545e-05
147	169.223	5.411	5.442	1.514771e-05
148	170.371	5.411	5.442	1.493435e-05
149	171.518	5.425	5.458	1.496983e-05
150	172.667	5.425	5.458	1.526622e-05
151	173.815	5.443	5.472	1.527807e-05
152	174.96	5.443	5.472	1.51358e-05
153	176.111	5.468	5.495	1.559815e-05
154	177.261	5.468	5.495	1.549142e-05
155	178.406	5.494	5.522	1.483952e-05
156	179.549	5.494	5.522	1.519511e-05
157	180.704	5.509	5.544	1.570482e-05
158	181.849	5.509	5.544	1.52188e-05
159	182.997	5.534	5.57	1.544403e-05
160	184.144	5.534	5.57	1.518323e-05
161	185.289	5.552	5.57	1.565741e-05
162	186.438	5.552	5.57	1.540847e-05
163	187.586	5.564	5.602	1.527806e-05
164	188.737	5.564	5.602	1.501724e-05
165	189.891	5.576	5.613	1.539662e-05
166	191.034	5.576	5.613	1.537291e-05
167	192.181	5.596	5.63	1.588262e-05
168	193.324	5.596	5.63	1.487503e-05
169	194.469	5.622	5.657	1.501728e-05
170	195.611	5.622	5.657	1.512391e-05
171	196.754	5.648	5.684	1.534917e-05
172	197.899	5.648	5.684	1.512396e-05
173	199.048	5.666	5.703	1.547959e-05
174	200.204	5.666	5.703	1.552696e-05
175	201.35	5.68	5.716	1.528992e-05
176	202.5	5.68	5.716	1.540847e-05
177	203.648	5.697	5.731	1.488689e-05
178	204.792	5.697	5.731	1.502912e-05
179	205.936	5.721	5.755	1.543215e-05
180	207.088	5.721	5.755	1.577593e-05
181	208.233	5.75	5.785	1.572852e-05
182	209.381	5.75	5.785	1.568109e-05
183	210.53	5.771	5.808	1.556254e-05
184	211.674	5.771	5.808	1.552698e-05
185	212.82	5.785	5.807	1.507656e-05
186	213.97	5.785	5.807	1.549143e-05
187	215.124	5.799	5.834	1.508841e-05
188	216.268	5.799	5.834	1.526625e-05
189	217.413	5.823	5.855	1.57878e-05
190	218.558	5.823	5.855	1.525437e-05
191	219.705	5.852	5.886	1.551515e-05
192	220.851	5.852	5.886	1.523065e-05
193	221.997	5.875	5.911	1.591817e-05
194	223.145	5.875	5.911	1.532548e-05
195	224.293	5.889	5.925	1.568105e-05
196	225.441	5.889	5.925	1.496986e-05
197	226.598	5.902	5.936	1.558627e-05
198	227.747	5.902	5.936	1.53729e-05
199	228.89	5.922	5.955	1.525433e-05
200	230.037	5.922	5.955	1.579963e-05
201	231.2	5.945	5.978	1.533733e-05
202	232.347	5.945	5.978	1.590629e-05
203	233.498	5.969	6.004	1.519504e-05
204	234.65	5.969	6.004	1.534921e-05
205	235.798	5.982	6.021	1.537289e-05
206	236.949	5.982	6.021	1.515954e-05
207	238.101	6.009	6.031	1.602488e-05
208	239.244	6.009	6.031	1.584703e-05
209	240.389	6.014	6.046	1.531362e-05
210	241.534	6.014	6.046	1.518317e-05
211	242.683	6.041	6.069	1.544402e-05
212	243.833	6.041	6.069	1.545589e-05
213	244.981	6.054	6.08	1.536106e-05
214	246.136	6.054	6.08	1.565737e-05
215	247.282	6.077	6.118	1.603671e-05
216	248.432	6.077	6.118	1.523066e-05
217	249.579	6.103	6.118	1.543218e-05
218	250.729	6.103	6.118	1.551518e-05
219	251.878	6.127	6.143	1.566923e-05
220	253.026	6.127	6.143	1.600113e-05
221	254.175	6.134	6.166	1.482759e-05
222	255.327	6.134	6.166	1.57522e-05
223	256.475	6.155	6.181	1.534915e-05
224	257.625	6.155	6.181	1.547959e-05
225	258.771	6.175	6.218	1.53966e-05
226	259.916	6.175	6.218	1.577594e-05
227	261.066	6.201	6.232	1.533732e-05
228	262.213	6.201	6.232	1.549146e-05
229	263.358	6.227	6.244	1.50647e-05
230	264.504	6.227	6.244	1.480392e-05
231	265.649	6.244	6.267	1.499357e-05
232	266.797	6.244	6.267	1.540849e-05
233	267.945	6.257	6.29	1.562184e-05
234	269.093	6.257	6.29	1.510025e-05
235	270.241	6.272	6.316	1.523062e-05
236	271.392	6.272	6.316	1.54796e-05
237	272.537	6.296	6.331	1.538475e-05
238	273.686	6.296	6.331	1.499357e-05
239	274.83	6.323	6.342	1.555071e-05
240	275.979	6.323	6.342	1.552698e-05
241	277.128	6.343	6.364	1.57403e-05
242	278.274	6.343	6.364	1.513583e-05
243	279.424	6.356	6.385	1.530179e-05
244	280.57	6.356	6.385	1.570478e-05
245	281.718	6.37	6.412	1.566921e-05
246	282.874	6.37	6.412	1.575221e-05
247	284.021	6.397	6.43	1.524253e-05
248	285.17	6.397	6.43	1.500545e-05
249	286.318	6.419	6.442	1.476834e-05
250	287.467	6.419	6.442	1.570479e-05
251	288.614	6.441	6.455	1.59656e-05
252	289.765	6.441	6.455	1.584703e-05
253	290.916	6.459	6.48	1.56337e-05
254	292.079	6.459	6.48	1.562181e-05
255	293.236	6.485	6.508	1.598929e-05
256	294.387	6.485	6.508	1.527804e-05
257	295.541	6.502	6.53	1.525439e-05
258	296.691	6.502	6.53	1.543212e-05
259	297.84	6.515	6.543	1.534917e-05
260	298.991	6.515	6.543	1.537286e-05
261	300.155	6.531	6.555	1.5527e-05
262	301.313	6.531	6.555	1.564552e-05
263	302.467	6.553	6.574	1.572852e-05
264	303.614	6.553	6.574	1.630934e-05
265	304.762	6.58	6.6	1.594191e-05
266	305.915	6.58	6.6	1.53255e-05
267	307.075	6.6	6.601	1.539657e-05
268	308.227	6.6	6.601	1.64042e-05
269	309.377	6.615	6.643	1.531362e-05
270	310.529	6.615	6.643	1.581151e-05
271	311.679	6.63	6.655	1.528995e-05
272	312.827	6.63	6.655	1.523067e-05
273	313.977	6.653	6.672	1.570483e-05
274	315.129	6.653	6.672	1.598928e-05
275	316.282	6.68	6.699	1.56574e-05
276	317.429	6.68	6.699	1.603673e-05
277	318.577	6.702	6.727	1.556259e-05
278	319.728	6.702	6.727	1.576407e-05
279	320.879	6.716	6.744	1.600118e-05
280	322.027	6.716	6.744	1.60011e-05
281	323.176	6.729	6.755	1.585892e-05
282	324.327	6.729	6.755	1.626194e-05
283	325.478	6.75	6.774	1.562184e-05
284	326.629	6.75	6.774	1.570483e-05
285	327.781	6.775	6.794	1.56574e-05
286	328.935	6.775	6.794	1.627384e-05
287	330.088	6.799	6.821	1.596557e-05
288	331.239	6.799	6.821	1.600116e-05
289	332.385	6.81	6.839	1.613151e-05
290	333.537	6.81	6.839	1.608414e-05
291	334.688	6.821	6.847	1.611971e-05
292	335.839	6.821	6.847	1.52662e-05
293	336.99	6.839	6.859	1.623822e-05
294	338.142	6.839	6.859	1.639235e-05
295	339.298	6.865	6.882	1.623826e-05
296	340.452	6.865	6.882	1.64872e-05
297	341.605	6.892	6.911	1.693767e-05
298	342.757	6.892	6.911	1.593005e-05
299	343.906	6.912	6.937	1.672429e-05
300	345.052	6.912	6.937	1.648717e-05
301	346.204	6.936	6.963	1.636863e-05
302	347.355	6.936	6.963	1.634494e-05
303	348.508	6.96	6.99	1.6748e-05
304	349.656	6.96	6.99	1.719841e-05
305	350.803	6.975	7.005	1.659388e-05
306	351.952	6.975	7.005	1.681911e-05
307	353.098	6.988	7.016	1.703249e-05
308	354.242	6.988	7.016	1.672425e-05
309	355.386	7.007	7.032	1.702062e-05
310	356.531	7.007	7.032	1.69376e-05
311	357.677	7.033	7.059	1.721027e-05
312	358.823	7.033	7.059	1.68428e-05
313	359.972	7.042	7.087	1.706801e-05
314	361.117	7.042	7.087	1.698506e-05
315	362.714	7.074	7.105	1.782661e-05
316	364.005	7.085	7.114	1.781483e-05
317	365.154	7.085	7.114	1.786218e-05
318	366.301	7.105	7.13	1.818228e-05
319	367.447	7.105	7.13	1.800448e-05
320	368.597	7.132	7.156	1.85379e-05
321	369.748	7.132	7.156	1.827713e-05
322	370.892	7.16	7.186	1.883426e-05
323	372.039	7.16	7.186	1.860903e-05
324	373.184	7.178	7.208	1.872755e-05
325	374.328	7.178	7.208	1.8609e-05
326	375.518	7.186	7.216	1.894092e-05
327	376.661	7.186	7.216	1.930841e-05
328	377.804	7.195	7.221	1.965208e-05
329	378.948	7.195	7.221	1.975884e-05
330	380.111	7.219	7.242	1.922541e-05
331	381.256	7.219	7.242	2.006708e-05
332	382.401	7.248	7.272	2.024488e-05
333	383.545	7.248	7.272	2.052933e-05
334	384.692	7.271	7.3	2.062418e-05
335	385.834	7.271	7.3	1.975885e-05
336	386.983	7.283	7.314	2.157246e-05
337	388.128	7.283	7.314	2.138285e-05
338	389.276	7.291	7.319	2.105093e-05
339	390.436	7.291	7.319	2.188069e-05
340	391.583	7.307	7.33	2.163176e-05
341	392.728	7.307	7.33	2.267484e-05
342	393.879	7.336	7.359	2.24734e-05
343	395.027	7.336	7.359	2.235488e-05
344	396.179	7.358	7.385	2.399066e-05
345	397.325	7.358	7.385	2.222443e-05
346	398.47	7.359	7.397	2.368252e-05
347	399.618	7.359	7.397	2.465439e-05
348	400.762	7.388	7.401	2.364694e-05
349	401.91	7.388	7.401	2.538943e-05
350	403.069	7.412	7.413	2.444113e-05
351	404.213	7.412	7.413	2.588731e-05
352	405.359	7.425	7.442	2.758243e-05
353	406.51	7.425	7.442	2.57806e-05
354	407.658	7.435	7.472	2.868481e-05
355	408.812	7.435	7.472	2.84596e-05
356	409.963	7.471	7.501	2.79973e-05
357	411.13	7.471	7.501	3.231212e-05
358	412.276	7.488	7.509	2.899304e-05
359	413.426	7.488	7.509	3.258479e-05
360	414.574	7.515	7.517	3.358049e-05
361	415.722	7.515	7.517	3.334333e-05
362	416.873	7.529	7.539	3.758706e-05
363	418.017	7.529	7.539	3.42087e-05
364	419.161	7.54	7.571	3.893846e-05
365	420.304	7.54	7.571	4.133292e-05
366	421.449	7.562	7.604	3.988671e-05
367	422.596	7.562	7.604	4.680944e-05
368	423.745	7.594	7.622	4.331255e-05
369	424.889	7.594	7.622	4.880087e-05
370	426.036	7.624	7.629	5.417067e-05
371	427.183	7.624	7.629	4.96068e-05
372	428.333	7.642	7.646	6.116436e-05
373	429.476	7.642	7.646	5.427736e-05
374	430.615	7.655	7.677	6.320333e-05
375	431.76	7.655	7.677	7.399034e-05
376	432.9	7.669	7.71	6.551484e-05
377	434.051	7.669	7.71	8.431511e-05
378	435.195	7.697	7.731	7.378884e-05
379	436.341	7.697	7.731	8.589171e-05
380	437.488	7.728	7.738	0.0001038029
381	438.629	7.728	7.738	8.904482e-05
382	439.773	7.748	7.75	0.0001163087
383	440.919	7.748	7.75	0.0001054505
384	442.065	7.762	7.779	0.000121963
385	443.237	7.762	7.779	0.0001493337
386	444.383	7.775	7.813	0.0001238595
387	445.526	7.775	7.813	0.0001605948
388	446.674	7.799	7.837	0.0001559481
389	447.834	7.799	7.837	0.000162456
390	448.982	7.829	7.847	0.0002077259
391	450.129	7.829	7.847	0.0001737527
392	451.275	7.856	7.856	0.0002175766
393	452.426	7.856	7.856	0.0002279487
394	453.579	7.868	7.878	0.0002199236
395	454.723	7.868	7.878	0.0002798211
396	455.869	7.898	7.911	0.0002336502
397	457.014	7.898	7.911	0.0002817416
398	458.158	7.914	7.937	0.0003060064
399	459.303	7.914	7.937	0.0002847049
400	460.45	7.921	7.948	0.0003510513
401	461.599	7.921	7.948	0.0003036592
402	462.75	7.933	7.953	0.000350897
403	463.897	7.933	7.953	0.0003925989
404	465.051	7.958	7.969	0.0003503164
405	466.202	7.958	7.969	0.0004249125
406	467.346	7.988	7.999	0.0003876915
407	468.493	7.988	7.999	0.0004268803
408	469.642	8.008	8.029	0.0004802943
409	470.788	8.008	8.029	0.0004265484
410	471.932	8.016	8.043	0.000502129
411	473.101	8.016	8.043	0.000485901
412	474.245	8.026	8.048	0.0005016906
413	475.39	8.026	8.048	0.000564824
414	476.535	8.049	8.062	0.0005064674
415	477.685	8.049	8.062	0.0005771639
416	478.831	8.08	8.089	0.0005755756
417	479.982	8.08	8.089	0.000579689
418	481.129	8.105	8.122	0.0006415069
419	482.274	8.105	8.122	0.0005892071
420	483.421	8.117	8.143	0.0006494016
421	484.567	8.117	8.143	0.0006618716
422	485.713	8.125	8.15	0.0006534795
423	486.862	8.125	8.15	0.0007105558
424	488.008	8.146	8.159	0.0006691383
425	489.155	8.146	8.159	0.0007161034
426	490.304	8.176	8.185	0.0007386612
427	491.451	8.176	8.185	0.0007191976
428	492.595	8.205	8.218	0.0007687107
429	493.746	8.205	8.218	0.0007348325
430	494.892	8.217	8.241	0.0007684497
431	496.048	8.217	8.241	0.0007944343
432	497.196	8.224	8.251	0.000769825
433	498.344	8.224	8.251	0.0008135306
434	499.491	8.24	8.257	0.0007980726
435	500.635	8.24	8.257	0.0008165654
436	501.793	8.268	8.277	0.0008480132
437	502.934	8.268	8.277	0.0008204047
438	504.079	8.3	8.31	0.0008607448
439	505.224	8.3	8.31	0.0008508823
440	506.376	8.322	8.343	0.0008602584
441	507.518	8.322	8.343	0.0008920276
442	508.659	8.338	8.357	0.0008635419
443	509.805	8.338	8.357	0.0008993171
444	510.951	8.364	8.388	0.0008942907
445	512.098	8.364	8.388	0.0008993292
446	513.243	8.377	8.405	0.0009286196
447	514.387	8.377	8.405	0.0009031105
448	515.533	8.386	8.403	0.0009356379
449	516.678	8.386	8.403	0.0009341441
450	517.82	8.403	8.423	0.000936432
451	518.966	8.403	8.423	0.0009639566
452	520.113	8.431	8.449	0.000939573
453	521.256	8.431	8.449	0.0009697651
454	522.402	8.461	8.482	0.0009713761
455	523.547	8.461	8.482	0.0009710692
456	524.708	8.479	8.507	0.0009985219
457	525.854	8.479	8.507	0.0009762727
458	526.998	8.488	8.516	0.001001841
459	528.145	8.488	8.516	0.001010293
460	529.292	8.502	8.524	0.001003169
461	530.44	8.502	8.524	0.001031879
462	531.588	8.529	8.546	0.001011728
463	532.735	8.529	8.546	0.0010331
464	533.883	8.559	8.577	0.001046483
465	535.029	8.559	8.577	0.001035483
466	536.173	8.583	8.609	0.001062948
467	537.321	8.583	8.609	0.001047301
468	538.471	8.594	8.623	0.00106494
469	539.616	8.594	8.623	0.001080658
470	540.758	8.605	8.629	0.0010666
471	541.909	8.605	8.629	0.001091908
472	543.055	8.628	8.646	0.001081535
473	544.199	8.628	8.646	0.001093425
474	545.341	8.658	8.676	0.001109285
475	546.487	8.658	8.676	0.001094443
476	547.632	8.684	8.707	0.001118093
477	548.775	8.684	8.707	0.00110823
478	549.922	8.695	8.724	0.001117393
479	551.077	8.695	8.724	0.001133622
480	552.221	8.7	8.718	0.001117595
481	553.366	8.7	8.718	0.001139406
482	554.515	8.718	8.737	0.001135554
483	555.659	8.718	8.737	0.001140496
484	556.806	8.746	8.763	0.001157803
485	557.955	8.746	8.763	0.001142914
486	559.098	8.777	8.798	0.001163197
487	560.243	8.777	8.798	0.00116232
488	561.389	8.788	8.824	0.001164181
489	562.537	8.788	8.824	0.001181476
490	563.686	8.818	8.834	0.001167085
491	564.832	8.818	8.834	0.001182804
492	565.983	8.838	8.837	0.001184996
493	567.129	8.838	8.837	0.001181049
494	568.275	8.846	8.855	0.001197762
495	569.425	8.846	8.855	0.001185316
496	570.57	8.856	8.886	0.001200382
497	571.721	8.856	8.886	0.001206215
498	572.879	8.877	8.916	0.001198818
499	574.027	8.877	8.916	0.001216575
500	575.187	8.907	8.93	0.00120753
501	576.334	8.907	8.93	0.00121686
502	577.484	8.936	8.937	0.001225844
503	578.628	8.936	8.937	0.001217891
504	579.775	8.951	8.967	0.0012308
505	580.921	8.951	8.967	0.001224992
506	582.074	8.956	8.98	0.001230812
507	583.22	8.956	8.98	0.001240224
508	584.369	8.973	9.012	0.00123176
509	585.516	8.973	9.012	0.001243957
510	586.807	9.002	9.031	0.001249648
511	587.952	9.002	9.031	0.001241373
512	589.098	9.034	9.039	0.001252279
513	590.245	9.034	9.039	0.001252481
514	591.39	9.055	9.055	0.001253014
515	592.538	9.055	9.055	0.00126188
516	593.685	9.065	9.083	0.001253784
517	594.829	9.065	9.083	0.001262141
518	595.993	9.074	9.111	0.001263291
519	597.142	9.074	9.111	0.00126136
520	598.289	9.096	9.131	0.001268282
521	599.438	9.096	9.131	0.00126348
522	600.585	9.126	9.139	0.001269621
523	601.73	9.126	9.139	0.001272348
524	602.873	9.148	9.148	0.00126923
525	604.027	9.148	9.148	0.001275548
526	605.174	9.16	9.17	0.001272075
527	606.32	9.16	9.17	0.001275916
528	607.468	9.171	9.204	0.001278536
529	608.615	9.171	9.204	0.001276615
530	609.76	9.194	9.232	0.001279969
531	610.906	9.194	9.232	0.001279163
532	612.076	9.224	9.243	0.001280989
533	613.222	9.224	9.243	0.001284142
534	614.368	9.236	9.252	0.001280835
535	615.512	9.236	9.252	0.001284687
536	616.656	9.265	9.271	0.001283502
537	617.803	9.265	9.271	0.001284651
538	618.947	9.295	9.302	0.001286999
539	620.093	9.295	9.302	0.001285233
540	621.236	9.315	9.333	0.001287011
541	622.38	9.315	9.333	0.001286513
542	623.525	9.324	9.35	0.001287995
543	624.67	9.324	9.35	0.001288587
544	625.817	9.336	9.357	0.001287271
545	626.97	9.336	9.357	0.001289181
546	628.115	9.356	9.365	0.00128899
547	629.261	9.356	9.365	0.001288599
548	630.406	9.385	9.391	0.001290579
549	631.554	9.385	9.391	0.00128937
550	632.699	9.409	9.424	0.001290069
551	633.846	9.409	9.424	0.001289594
552	635.007	9.421	9.445	0.001289915
553	636.153	9.421	9.445	0.001291716
554	637.302	9.434	9.455	0.001290412
555	638.449	9.434	9.455	0.001291586
556	639.594	9.468	9.467	0.00129116
557	640.739	9.468	9.467	0.001291148
558	641.884	9.486	9.492	0.001291491
559	643.032	9.486	9.492	0.001292083
560	644.179	9.513	9.525	0.001292724
561	645.326	9.513	9.525	0.001292807
562	646.472	9.527	9.55	0.001292249
563	647.618	9.527	9.55	0.00129283
564	648.765	9.536	9.56	0.00129212
565	649.913	9.536	9.56	0.001292487
566	651.068	9.553	9.567	0.001293377
567	652.217	9.553	9.567	0.001292368
568	653.366	9.581	9.587	0.001292784
569	654.514	9.581	9.587	0.001293577
570	655.658	9.61	9.618	0.001293423
571	656.801	9.61	9.618	0.001294028
572	657.947	9.622	9.644	0.001293673
573	659.095	9.622	9.644	0.001293708
574	660.241	9.63	9.656	0.001293388
575	661.385	9.63	9.656	0.001293708
576	662.529	9.644	9.662	0.00129385
577	663.674	9.644	9.662	0.001293434
578	664.819	9.67	9.677	0.001294395
579	665.977	9.67	9.677	0.001294158
580	667.121	9.702	9.707	0.001293874
581	668.28	9.702	9.707	0.00129417
582	669.424	9.725	9.728	0.001294667
583	670.57	9.725	9.728	0.001294811
584	671.717	9.74	9.754	0.001294739
585	672.862	9.74	9.754	0.001294004
586	674.007	9.772	9.791	0.001294608
587	675.15	9.772	9.791	0.001295201
588	676.296	9.789	9.818	0.00129481
589	677.446	9.789	9.818	0.001294869
590	678.592	9.797	9.827	0.001294573
591	679.743	9.797	9.827	0.00129487
592	680.887	9.813	9.831	0.001294858
593	682.034	9.813	9.831	0.001294987
594	683.179	9.844	9.873	0.0012952
595	684.33	9.844	9.873	0.001295023
596	685.475	9.878	9.893	0.001295782
597	686.625	9.878	9.893	0.001295663
598	687.772	9.893	9.921	0.001294987
599	688.918	9.893	9.921	0.001295308
600	690.079	9.901	9.933	0.00129507
601	691.223	9.901	9.933	0.001295378
602	692.367	9.911	9.933	0.001295177
603	693.522	9.911	9.933	0.001295178
604	694.671	9.938	9.949	0.001295603
605	695.814	9.938	9.949	0.001295177
606	696.963	9.971	9.983	0.001295911
607	698.107	9.971	9.983	0.001295533
608	699.255	9.995	10.019	0.001295497
609	700.401	9.995	10.019	0.001295936
610	701.545	10.003	10.036	0.001295924
611	702.701	10.003	10.036	0.001295343
612	703.846	10.012	10.039	0.001295876
613	704.995	10.012	10.039	0.00129609
614	706.139	10.034	10.069	0.001295735
615	707.285	10.034	10.069	0.001295757
616	708.438	10.067	10.076	0.001296018
617	709.587	10.067	10.076	0.001295473
618	710.736	10.096	10.115	0.001295592
619	711.883	10.096	10.115	0.001296279
620	713.031	10.109	10.141	0.001295852
621	714.174	10.109	10.141	0.00129596
622	715.318	10.114	10.145	0.00129679
623	716.468	10.114	10.145	0.001295699
624	717.614	10.124	10.141	0.001295971
625	718.76	10.124	10.141	0.001295864
626	719.909	10.155	10.164	0.001295924
627	721.054	10.155	10.164	0.00129635
628	722.205	10.188	10.203	0.001295615
629	723.352	10.188	10.203	0.00129622
630	724.499	10.205	10.235	0.001296515
631	725.641	10.205	10.235	0.001295876
632	726.788	10.232	10.243	0.00129622
633	727.933	10.232	10.243	0.001296017
634	729.08	10.257	10.245	0.001296516
635	730.227	10.257	10.245	0.001296125
636	731.372	10.263	10.289	0.001296326
637	732.517	10.263	10.289	0.001296979
638	733.66	10.267	10.298	0.001296682
639	734.803	10.267	10.298	0.001296173
640	735.956	10.292	10.337	0.001296268
641	737.119	10.292	10.337	0.001296504
642	738.264	10.331	10.353	0.001296279
643	739.415	10.331	10.353	0.001295924
644	740.56	10.362	10.353	0.001296137
645	741.708	10.362	10.353	0.001296267
646	742.861	10.375	10.369	0.001296659
647	744.006	10.375	10.369	0.001296552
648	745.151	10.377	10.402	0.001297345
649	746.298	10.377	10.402	0.00129635
650	747.446	10.389	10.435	0.001296813
651	748.595	10.389	10.435	0.001297156
652	749.74	10.415	10.445	0.001296516
653	750.887	10.415	10.445	0.001296244
654	752.035	10.447	10.444	0.001297061
655	753.183	10.447	10.444	0.00129635
656	754.327	10.465	10.453	0.001296849
657	755.478	10.465	10.453	0.001297109
658	756.627	10.47	10.485	0.001296161
659	757.773	10.47	10.485	0.001296493
660	758.93	10.484	10.501	0.001296849
661	760.084	10.484	10.501	0.001296433
662	761.233	10.524	10.554	0.001296481
663	762.38	10.524	10.554	0.001296373
664	763.524	10.556	10.562	0.001296954
665	764.671	10.556	10.562	0.001296671
666	765.821	10.581	10.567	0.001296078
667	766.969	10.581	10.567	0.001296742
668	768.117	10.589	10.592	0.001297027
669	769.265	10.589	10.592	0.001297204
670	770.413	10.596	10.632	0.001296576
671	771.56	10.596	10.632	0.001297157
672	772.707	10.622	10.666	0.001297227
673	773.856	10.622	10.666	0.001296599
674	775.0	10.659	10.675	0.00129667
675	776.144	10.659	10.675	0.001297369
676	777.287	10.686	10.675	0.001296919
677	778.431	10.686	10.675	0.001297464
678	779.577	10.691	10.687	0.001296563
679	780.723	10.691	10.687	0.001296326
680	781.867	10.726	10.723	0.001296824
681	783.013	10.726	10.723	0.001297344
682	784.157	10.742	10.76	0.001296742
683	785.3	10.742	10.76	0.001297097
684	786.44	10.744	10.776	0.001297121
685	787.584	10.744	10.776	0.001297014
686	788.728	10.756	10.771	0.001296812
687	789.885	10.756	10.771	0.0012968
688	791.033	10.788	10.786	0.001297452
689	792.181	10.788	10.786	0.001296694
690	793.324	10.828	10.817	0.001297334
691	794.467	10.828	10.817	0.001297191
692	795.609	10.856	10.868	0.001297251
693	796.755	10.856	10.868	0.001297168
694	797.906	10.862	10.892	0.001297415
695	799.053	10.862	10.892	0.001297002
696	800.202	10.866	10.892	0.001297393
697	801.348	10.866	10.892	0.001297582
698	802.488	10.891	10.895	0.001297263
699	803.632	10.891	10.895	0.001297132
700	804.782	10.927	10.919	0.001297262
701	805.926	10.927	10.919	0.001297393
702	807.082	10.953	10.96	0.001297215
703	808.229	10.953	10.96	0.001297287
704	809.37	10.949	10.982	0.0012968
705	810.513	10.949	10.982	0.001297263
706	811.656	10.947	10.979	0.001296906
707	812.801	10.947	10.979	0.001297168
708	813.945	10.967	10.976	0.001297666
709	815.097	10.967	10.976	0.001297049
710	816.247	11.004	10.997	0.001296871
711	817.396	11.004	10.997	0.0012975
712	818.543	11.039	11.038	0.001297322
713	819.697	11.039	11.038	0.001297416
714	820.848	11.054	11.032	0.001297155
715	821.998	11.054	11.032	0.001297548
716	823.153	11.059	11.09	0.001297417
717	824.304	11.059	11.09	0.001297453
718	825.458	11.08	11.094	0.001297417
719	826.608	11.08	11.094	0.00129744
720	827.755	11.114	11.109	0.001297535
721	828.903	11.114	11.109	0.001297251
722	830.053	11.151	11.146	0.001296848
723	831.203	11.151	11.146	0.001297713
724	832.349	11.173	11.187	0.001297583
725	833.493	11.173	11.187	0.001296505
726	834.639	11.171	11.205	0.001297275
727	835.785	11.171	11.205	0.001297357
728	836.929	11.179	11.229	0.001297666
729	838.076	11.179	11.229	0.001297334
730	839.22	11.225	11.256	0.001297796
731	840.363	11.225	11.256	0.001296919
732	841.506	11.229	11.261	0.001297643
733	842.652	11.229	11.261	0.001297974
734	843.795	11.247	11.262	0.001297013
735	844.938	11.247	11.262	0.001297606
736	846.086	11.27	11.272	0.001297369
737	847.229	11.27	11.272	0.001297392
738	848.374	11.304	11.312	0.001297891
739	849.519	11.304	11.312	0.001297785
740	850.661	11.327	11.354	0.001297499
741	851.805	11.327	11.354	0.001298152
742	852.954	11.333	11.367	0.001297405
743	854.11	11.333	11.367	0.001297582
744	855.258	11.35	11.371	0.001297215
745	856.414	11.35	11.371	0.001297476
746	857.561	11.382	11.387	0.001297583
747	858.714	11.382	11.387	0.001297678
748	859.865	11.424	11.427	0.001297334
749	861.015	11.424	11.427	0.001297891
750	862.188	11.451	11.471	0.001297417
751	863.339	11.451	11.471	0.00129757
752	864.49	11.457	11.49	0.001297559
753	865.637	11.457	11.49	0.001297333
754	866.786	11.458	11.485	0.001297274
755	867.934	11.458	11.485	0.001297298
756	869.101	11.475	11.484	0.001297097
757	870.247	11.475	11.484	0.001297322
758	871.394	11.514	11.515	0.001297642
759	872.54	11.514	11.515	0.001297678
760	873.686	11.543	11.556	0.001297393
761	874.833	11.543	11.556	0.001297228
762	875.991	11.548	11.579	0.001297725
763	877.135	11.548	11.579	0.001297512
764	878.278	11.55	11.582	0.001297773
765	879.422	11.55	11.582	0.001298058
766	880.57	11.57	11.583	0.001297855
767	881.717	11.57	11.583	0.001297559
768	882.862	11.605	11.606	0.001297595
769	884.004	11.605	11.606	0.001298259
770	885.149	11.635	11.642	0.001297749
771	886.291	11.635	11.642	0.001298057
772	887.441	11.65	11.677	0.001297926
773	888.585	11.65	11.677	0.001297417
774	889.734	11.652	11.685	0.001297322
775	890.882	11.652	11.685	0.001298425
776	892.028	11.707	11.693	0.00129763
777	893.177	11.707	11.693	0.001297512
778	894.321	11.714	11.71	0.001297998
779	895.469	11.714	11.71	0.001297761
780	896.617	11.72	11.747	0.001298424
781	897.765	11.72	11.747	0.001297915
782	898.913	11.74	11.782	0.001297844
783	900.068	11.74	11.782	0.001297417
784	901.218	11.775	11.798	0.001298057
785	902.367	11.775	11.798	0.001298271
786	903.515	11.795	11.787	0.001298366
787	904.666	11.795	11.787	0.001297962
788	905.813	11.803	11.793	0.001297773
789	906.959	11.803	11.793	0.001298211
790	908.104	11.805	11.824	0.001298222
791	909.25	11.805	11.824	0.001297902
792	910.393	11.821	11.862	0.001297856
793	911.545	11.821	11.862	0.00129763
794	912.693	11.855	11.886	0.001297867
795	913.837	11.855	11.886	0.001297109
796	914.983	11.89	11.889	0.001297524
797	916.13	11.89	11.889	0.001298436
798	917.278	11.907	11.894	0.001298152
799	918.421	11.907	11.894	0.00129814
800	919.564	11.911	11.921	0.001298211
801	920.716	11.911	11.921	0.001297796
802	921.868	11.923	11.961	0.001298389
803	923.016	11.923	11.961	0.001298638
804	924.163	11.953	11.99	0.001297867
805	925.314	11.953	11.99	0.001298317
806	926.463	11.982	11.991	0.001297736
807	927.617	11.982	11.991	0.001298128
808	928.765	11.991	11.98	0.001298104
809	929.916	11.991	11.98	0.001297963
810	931.066	11.975	11.978	0.001297867
811	932.212	11.975	11.978	0.001298081
812	933.357	11.955	11.991	0.001297251
813	934.5	11.955	11.991	0.001297548
814	935.648	11.949	11.994	0.001297771
815	936.795	11.949	11.994	0.001297831
816	937.94	11.949	11.972	0.001298105
817	939.096	11.949	11.972	0.001297583
818	940.248	11.939	11.934	0.001297831
819	941.397	11.939	11.934	0.001296742
820	942.543	11.908	11.909	0.001297037
821	943.694	11.908	11.909	0.00129737
822	944.839	11.874	11.905	0.001298128
823	945.987	11.874	11.905	0.001297357
824	947.133	11.858	11.906	0.001297381
825	948.273	11.858	11.906	0.001298045
826	949.416	11.836	11.883	0.001297452
827	950.56	11.836	11.883	0.001298413
828	951.701	11.805	11.839	0.001297132
829	952.844	11.805	11.839	0.001297393
830	953.995	11.795	11.805	0.001298044
831	955.144	11.795	11.805	0.001297204
832	956.291	11.793	11.799	0.001297666
833	957.441	11.793	11.799	0.001297808
834	958.587	11.774	11.798	0.001297785
835	959.737	11.774	11.798	0.00129801
836	960.885	11.742	11.781	0.001298057
837	962.033	11.742	11.781	0.001297713
838	963.179	11.7	11.741	0.001297701
839	964.33	11.7	11.741	0.001297773
840	965.493	11.68	11.697	0.001297512
841	966.64	11.68	11.697	0.001297702
842	967.789	11.678	11.682	0.00129795
843	968.936	11.678	11.682	0.001298152
844	970.083	11.664	11.683	0.001297216
845	971.226	11.664	11.683	0.001297511
846	972.368	11.634	11.675	0.001297524
847	973.513	11.634	11.675	0.001296873
848	974.654	11.6	11.642	0.001297311
849	975.799	11.6	11.642	0.001297738
850	976.953	11.579	11.602	0.001297867
851	978.097	11.579	11.602	0.001297642
852	979.239	11.566	11.573	0.001297227
853	980.392	11.566	11.573	0.001297714
854	981.534	11.556	11.569	0.00129763
855	982.685	11.556	11.569	0.001297524
856	983.834	11.526	11.564	0.001297382
857	984.986	11.526	11.564	0.001297358
858	986.147	11.489	11.535	0.001297702
859	987.296	11.489	11.535	0.001297393
860	988.444	11.468	11.494	0.001297726
861	989.592	11.468	11.494	0.001296883
862	990.735	11.469	11.47	0.001297725
863	991.881	11.469	11.47	0.001297714
864	993.026	11.469	11.473	0.001297227
865	994.181	11.469	11.473	0.001297369
866	995.323	11.445	11.479	0.001298224
867	996.469	11.445	11.479	0.001297465
868	997.616	11.408	11.457	0.00129795
869	998.758	11.408	11.457	0.001297274
870	999.903	11.382	11.417	0.001297749
871	1001.047	11.382	11.417	0.001297275
872	1002.187	11.372	11.383	0.001297702
873	1003.329	11.372	11.383	0.001298093
874	1004.473	11.369	11.373	0.001298211
875	1005.622	11.369	11.373	0.001297737
876	1006.764	11.32	11.331	0.001297844
877	1007.905	11.32	11.331	0.001297903
878	1009.055	11.317	11.319	0.001297003
879	1010.201	11.317	11.319	0.001297654
880	1011.34	11.306	11.321	0.001297583
881	1012.483	11.306	11.321	0.001297263
882	1013.625	11.273	11.279	0.001297619
883	1014.768	11.273	11.279	0.001298236
884	1015.914	11.234	11.266	0.001297512
885	1017.058	11.234	11.266	0.001297702
886	1018.208	11.212	11.226	0.001297986
887	1019.358	11.212	11.226	0.00129826
888	1020.505	11.205	11.208	0.001297785
889	1021.653	11.205	11.208	0.00129724
890	1022.802	11.207	11.217	0.001297655
891	1023.95	11.207	11.217	0.001297394
892	1025.098	11.186	11.215	0.001297252
893	1026.242	11.186	11.215	0.001296979
894	1027.389	11.146	11.181	0.001297395
895	1028.536	11.146	11.181	0.001297381
896	1029.683	11.119	11.139	0.001297631
897	1030.831	11.119	11.139	0.001297477
898	1031.977	11.11	11.115	0.001297359
899	1033.125	11.11	11.115	0.001297145
900	1034.27	11.108	11.115	0.001297381
901	1035.413	11.108	11.115	0.001297192
902	1036.558	11.088	11.113	0.001297595
903	1037.708	11.088	11.113	0.001296659
904	1038.865	11.046	11.082	0.001297063
905	1040.017	11.046	11.082	0.001296943
906	1041.168	11.008	11.033	0.001297205
907	1042.317	11.008	11.033	0.001296872
908	1043.469	10.994	11.001	0.001296979
909	1044.627	10.994	11.001	0.001297298
910	1045.776	10.992	10.997	0.001297655
911	1046.944	10.992	10.997	0.001297418
912	1048.101	10.975	10.997	0.001297323
913	1049.253	10.975	10.997	0.00129737
914	1050.404	10.942	10.977	0.001297429
915	1051.556	10.942	10.977	0.001297477
916	1052.708	10.913	10.941	0.00129737
917	1053.856	10.913	10.941	0.001297334
918	1055.009	10.91	10.921	0.00129756
919	1056.176	10.91	10.921	0.001297666
920	1057.331	10.909	10.914	0.001297062
921	1058.484	10.909	10.914	0.0012975
922	1059.634	10.897	10.906	0.001296481
923	1060.786	10.897	10.906	0.00129705
924	1061.94	10.856	10.899	0.001296979
925	1063.099	10.856	10.899	0.001296837
926	1064.25	10.852	10.86	0.001297146
927	1065.398	10.852	10.86	0.001296836
928	1066.547	10.807	10.822	0.001296327
929	1067.696	10.807	10.822	0.001296836
930	1068.845	10.792	10.807	0.001297109
931	1069.996	10.792	10.807	0.001297512
932	1071.158	10.757	10.804	0.001296752
933	1072.307	10.757	10.804	0.001297026
934	1073.453	10.746	10.796	0.00129673
935	1074.601	10.746	10.796	0.001296801
936	1075.756	10.743	10.761	0.001296979
937	1076.903	10.743	10.761	0.001296991
938	1078.062	10.728	10.72	0.001297228
939	1079.209	10.728	10.72	0.001296789
940	1080.355	10.691	10.698	0.001296979
941	1081.502	10.691	10.698	0.001297015
942	1082.649	10.656	10.699	0.001297381
943	1083.794	10.656	10.699	0.001296884
944	1084.943	10.639	10.692	0.00129673
945	1086.093	10.639	10.692	0.001296789
946	1087.247	10.639	10.663	0.001297156
947	1088.395	10.639	10.663	0.001296659
948	1089.547	10.629	10.623	0.001296682
949	1090.696	10.629	10.623	0.001296268
950	1091.843	10.596	10.597	0.001296671
951	1092.993	10.596	10.597	0.001296398
952	1094.144	10.559	10.595	0.001295971
953	1095.294	10.559	10.595	0.001296836
954	1096.44	10.542	10.596	0.001296279
955	1097.589	10.542	10.596	0.001296457
956	1098.738	10.536	10.571	0.001295983
957	1099.895	10.536	10.571	0.001296742
958	1101.046	10.528	10.527	0.001296706
959	1102.193	10.528	10.527	0.001296588
960	1103.338	10.503	10.498	0.001296623
961	1104.485	10.503	10.498	0.001297382
962	1105.632	10.466	10.525	0.0012966
963	1106.781	10.466	10.525	0.001296598
964	1107.934	10.442	10.495	0.001296741
965	1109.085	10.442	10.495	0.001296374
966	1110.233	10.437	10.48	0.001296635
967	1111.381	10.437	10.48	0.001296706
968	1112.528	10.41	10.441	0.001296552
969	1113.679	10.41	10.441	0.001296588
970	1114.835	10.424	10.414	0.001296706
971	1115.985	10.424	10.414	0.001296896
972	1117.138	10.393	10.41	0.001296303
973	1118.434	10.393	10.41	0.001296576
974	1119.614	10.392	10.413	0.00129648
975	1120.877	10.355	10.4	0.001296351
976	1122.028	10.355	10.4	0.001295912
977	1123.18	10.316	10.362	0.001296161
978	1124.329	10.316	10.362	0.001297334
979	1125.478	10.295	10.32	0.001296504
980	1126.629	10.295	10.32	0.001296042
981	1127.785	10.29	10.298	0.00129622
982	1128.936	10.29	10.298	0.001296386
983	1130.085	10.289	10.304	0.001296161
984	1131.232	10.289	10.304	0.001296054
985	1132.38	10.263	10.3	0.001295853
986	1133.523	10.263	10.3	0.001296043
987	1134.674	10.224	10.27	0.001295983
988	1135.822	10.224	10.27	0.001296528
989	1136.972	10.198	10.229	0.001295935
990	1138.121	10.198	10.229	0.001295686
991	1139.269	10.189	10.203	0.001295402
992	1140.419	10.189	10.203	0.001296173
993	1141.572	10.184	10.197	0.001295923
994	1142.72	10.184	10.197	0.001295982
995	1143.867	10.158	10.194	0.0012959
996	1145.018	10.158	10.194	0.001295686
997	1146.171	10.115	10.162	0.001295936
998	1147.321	10.115	10.162	0.001296054
999	1148.474	10.084	10.12	0.001295722
1000	1149.624	10.084	10.12	0.001295901
1001	1150.774	10.074	10.133	0.00129577
1002	1151.925	10.074	10.133	0.001295806
1003	1153.093	10.073	10.083	0.001295876
1004	1154.248	10.073	10.083	0.001295545
1005	1155.4	10.058	10.084	0.00129558
1006	1156.547	10.058	10.084	0.001295805
1007	1157.696	10.026	10.069	0.001295947
1008	1158.847	10.026	10.069	0.001295639
1009	1160.004	10.0	10.038	0.001295462
1010	1161.157	10.0	10.038	0.001295936
1011	1162.306	9.988	10.008	0.00129539
1012	1163.461	9.988	10.008	0.001295118
1013	1164.617	9.985	9.997	0.001295781
1014	1165.768	9.985	9.997	0.001295236
1015	1166.921	9.97	9.994	0.001295769
1016	1168.076	9.97	9.994	0.001295616
1017	1169.227	9.939	9.981	0.001295261
1018	1170.382	9.939	9.981	0.00129526
1019	1171.531	9.903	9.946	0.00129513
1020	1172.683	9.903	9.946	0.001294644
1021	1173.83	9.902	9.931	0.001295473
1022	1174.981	9.902	9.931	0.001294751
1023	1176.15	9.868	9.901	0.001295449
1024	1177.301	9.868	9.901	0.00129513
1025	1178.449	9.84	9.863	0.001294999
1026	1179.594	9.84	9.863	0.001294762
1027	1180.741	9.831	9.844	0.00129475
1028	1181.89	9.831	9.844	0.001295118
1029	1183.039	9.825	9.839	0.001295616
1030	1184.189	9.825	9.839	0.001294596
1031	1185.338	9.808	9.834	0.001294609
1032	1186.487	9.808	9.834	0.001294229
1033	1187.626	9.778	9.807	0.00129488
1034	1188.766	9.778	9.807	0.001294727
1035	1189.905	9.752	9.777	0.001294277
1036	1191.054	9.752	9.777	0.001294904
1037	1192.194	9.74	9.755	0.001294099
1038	1193.335	9.74	9.755	0.001294502
1039	1194.476	9.732	9.747	0.00129411
1040	1195.62	9.732	9.747	0.001294336
1041	1196.761	9.717	9.74	0.00129366
1042	1197.908	9.717	9.74	0.001293897
1043	1199.054	9.687	9.717	0.001294074
1044	1200.196	9.687	9.717	0.001293991
1045	1201.336	9.655	9.682	0.001294192
1046	1202.479	9.655	9.682	0.001293613
1047	1203.622	9.633	9.652	0.001293505
1048	1204.763	9.633	9.652	0.001293813
1049	1205.905	9.619	9.634	0.001294087
1050	1207.057	9.619	9.634	0.001293458
1051	1208.213	9.604	9.624	0.001293624
1052	1209.356	9.604	9.624	0.001292984
1053	1210.5	9.579	9.608	0.001292985
1054	1211.644	9.579	9.608	0.001293138
1055	1212.792	9.547	9.575	0.001292131
1056	1213.942	9.547	9.575	0.00129283
1057	1215.092	9.522	9.542	0.001292996
1058	1216.239	9.522	9.542	0.001292237
1059	1217.383	9.507	9.523	0.001292593
1060	1218.529	9.507	9.523	0.001291514
1061	1219.677	9.501	9.519	0.001291882
1062	1220.825	9.501	9.519	0.001292036
1063	1221.973	9.485	9.512	0.001291881
1064	1223.119	9.485	9.512	0.001291609
1065	1224.268	9.456	9.485	0.001290767
1066	1225.42	9.456	9.485	0.001291443
1067	1226.569	9.429	9.452	0.001291442
1068	1227.72	9.429	9.452	0.001290388
1069	1228.865	9.418	9.43	0.001290898
1070	1230.011	9.418	9.43	0.001289238
1071	1231.153	9.386	9.42	0.001289381
1072	1232.297	9.386	9.42	0.001289499
1073	1233.443	9.366	9.412	0.001289416
1074	1234.585	9.366	9.412	0.001289724
1075	1235.729	9.356	9.389	0.001287734
1076	1236.874	9.356	9.389	0.001288278
1077	1238.021	9.346	9.356	0.00128861
1078	1239.166	9.346	9.356	0.001286678
1079	1240.311	9.322	9.33	0.001287946
1080	1241.46	9.322	9.33	0.001285137
1081	1242.607	9.29	9.318	0.001285706
1082	1243.754	9.29	9.318	0.001285931
1083	1244.9	9.264	9.311	0.001282683
1084	1246.053	9.264	9.311	0.001284698
1085	1247.203	9.251	9.291	0.001281877
1086	1248.35	9.251	9.291	0.00128228
1087	1249.494	9.243	9.258	0.001283465
1088	1250.64	9.243	9.258	0.00127857
1089	1251.79	9.228	9.233	0.001281533
1090	1252.942	9.228	9.233	0.001278688
1091	1254.098	9.199	9.22	0.001277384
1092	1255.241	9.199	9.22	0.001279447
1093	1256.382	9.17	9.213	0.001272595
1094	1257.522	9.17	9.213	0.001275725
1095	1258.664	9.155	9.199	0.001273176
1096	1259.808	9.155	9.199	0.001270829
1097	1260.954	9.145	9.167	0.001273994
1098	1262.104	9.145	9.167	0.001264464
1099	1263.257	9.128	9.133	0.001268399
1100	1264.407	9.128	9.133	0.001266336
1101	1265.562	9.099	9.115	0.001260623
1102	1266.714	9.099	9.115	0.001264013
1103	1267.862	9.063	9.104	0.001253167
1104	1269.006	9.063	9.104	0.001256285
1105	1270.15	9.042	9.089	0.001257256
1106	1271.291	9.042	9.089	0.00124641
1107	1272.436	9.032	9.06	0.001252894
1108	1273.582	9.032	9.06	0.001239677
1109	1274.728	9.018	9.025	0.001242961
1110	1275.873	9.018	9.025	0.001244704
1111	1277.021	8.992	9.004	0.001231177
1112	1278.17	8.992	9.004	0.001239369
1113	1279.321	8.962	8.996	0.001227894
1114	1280.466	8.962	8.996	0.001230467
1115	1281.612	8.948	8.995	0.001234911
1116	1282.758	8.948	8.995	0.001217593
1117	1283.909	8.934	8.974	0.001227195
1118	1285.073	8.934	8.974	0.001217699
1119	1286.224	8.905	8.94	0.001212413
1120	1287.371	8.905	8.94	0.001219027
1121	1288.516	8.891	8.914	0.001198473
1122	1289.66	8.891	8.914	0.001207612
1123	1290.808	8.881	8.902	0.001200287
1124	1291.955	8.881	8.902	0.001191942
1125	1293.103	8.864	8.895	0.001200524
1126	1294.247	8.864	8.895	0.001177384
1127	1295.395	8.834	8.874	0.001185884
1128	1296.54	8.834	8.874	0.001181912
1129	1297.685	8.803	8.841	0.001169348
1130	1298.833	8.803	8.841	0.001179187
1131	1299.981	8.785	8.81	0.001155597
1132	1301.15	8.785	8.81	0.001161761
1133	1302.297	8.776	8.796	0.001164262
1134	1303.448	8.776	8.796	0.001142357
1135	1304.622	8.763	8.79	0.001153179
1136	1305.77	8.763	8.79	0.001138468
1137	1306.919	8.735	8.774	0.001132802
1138	1308.076	8.735	8.774	0.001141953
1139	1309.225	8.721	8.742	0.001114381
1140	1310.372	8.721	8.742	0.00113081
1141	1311.52	8.696	8.716	0.001126898
1142	1312.67	8.696	8.716	0.00111361
1143	1313.819	8.691	8.711	0.001126437
1144	1314.978	8.691	8.711	0.001098165
1145	1316.133	8.681	8.706	0.001104637
1146	1317.285	8.681	8.706	0.00110664
1147	1318.434	8.656	8.694	0.001079838
1148	1319.575	8.656	8.694	0.001095498
1149	1320.716	8.622	8.663	0.001067854
1150	1321.856	8.622	8.663	0.001072181
1151	1322.997	8.595	8.626	0.001074599
1152	1324.139	8.595	8.626	0.001047099
1153	1325.284	8.58	8.602	0.001063362
1154	1326.432	8.58	8.602	0.001034426
1155	1327.579	8.569	8.593	0.0010379
1156	1328.722	8.569	8.593	0.001043246
1157	1329.872	8.548	8.583	0.00101098
1158	1331.019	8.548	8.583	0.001027386
1159	1332.171	8.516	8.557	0.001002243
1160	1333.315	8.516	8.557	0.00100043
1161	1334.466	8.486	8.521	0.001008608
1162	1335.613	8.486	8.521	0.0009714707
1163	1336.76	8.468	8.492	0.0009889194
1164	1337.92	8.468	8.492	0.0009713994
1165	1339.068	8.442	8.47	0.0009600198
1166	1340.216	8.442	8.47	0.0009772434
1167	1341.361	8.426	8.446	0.0009404729
1168	1342.507	8.426	8.446	0.0009574241
1169	1343.651	8.419	8.438	0.0009471467
1170	1344.799	8.419	8.438	0.0009289388
1171	1345.952	8.41	8.433	0.0009447156
1172	1347.102	8.41	8.433	0.0009041764
1173	1348.251	8.385	8.415	0.0009159348
1174	1349.4	8.385	8.415	0.0009137894
1175	1350.552	8.351	8.381	0.0008819505
1176	1351.691	8.351	8.381	0.0009010111
1177	1352.832	8.323	8.346	0.0008600799
1178	1353.978	8.323	8.346	0.0008691241
1179	1355.121	8.309	8.328	0.0008716375
1180	1356.262	8.309	8.328	0.0008347243
1181	1357.404	8.299	8.32	0.0008554098
1182	1358.545	8.299	8.32	0.0008111942
1183	1359.69	8.279	8.308	0.0008212703
1184	1360.831	8.279	8.308	0.0008231193
1185	1361.976	8.247	8.278	0.0007807772
1186	1363.122	8.247	8.278	0.0008067733
1187	1364.266	8.216	8.242	0.0007539993
1188	1365.41	8.216	8.242	0.0007623679
1189	1366.555	8.198	8.218	0.0007696227
1190	1367.699	8.198	8.218	0.0007150122
1191	1368.843	8.188	8.209	0.0007480722
1192	1369.988	8.188	8.209	0.0006908419
1193	1371.129	8.173	8.201	0.0007002419
1194	1372.272	8.173	8.201	0.0007121311
1195	1373.418	8.147	8.179	0.00064556
1196	1374.561	8.147	8.179	0.0006859223
1197	1375.707	8.117	8.145	0.0006220419
1198	1376.857	8.117	8.145	0.0006286803
1199	1378.006	8.099	8.153	0.000649223
1200	1379.156	8.099	8.153	0.0005664589
1201	1380.304	8.089	8.11	0.0006088722
1202	1381.452	8.089	8.11	0.0005555298
1203	1382.6	8.077	8.103	0.0005435811
1204	1383.751	8.077	8.103	0.0005742355
1205	1384.903	8.053	8.084	0.000476974
1206	1386.05	8.053	8.084	0.0005175027
1207	1387.209	8.021	8.051	0.0004886386
1208	1388.352	8.021	8.051	0.0004452059
1209	1389.493	7.996	8.02	0.0004892431
1210	1390.633	7.996	8.02	0.0004002087
1211	1391.775	7.991	8.012	0.000441875
1212	1392.918	7.991	8.012	0.0004283852
1213	1394.063	7.969	8.014	0.0003904765
1214	1395.205	7.969	8.014	0.0004311353
1215	1396.35	7.956	8.006	0.0003437486
1216	1397.492	7.956	8.006	0.0003785515
1217	1398.638	7.948	7.98	0.0003568116
1218	1399.784	7.948	7.98	0.0003134146
1219	1400.928	7.936	7.945	0.0003470441
1220	1402.072	7.936	7.945	0.000261376
1221	1403.214	7.9	7.922	0.0002863877
1222	1404.357	7.9	7.922	0.000278505
1223	1405.498	7.877	7.916	0.0002363525
1224	1406.645	7.877	7.916	0.000268417
1225	1407.796	7.854	7.907	0.000195433
1226	1408.946	7.854	7.907	0.0002144584
1227	1410.11	7.844	7.88	0.0002207411
1228	1411.253	7.844	7.88	0.0001691883
1229	1412.395	7.836	7.849	0.0001956701
1230	1413.538	7.836	7.849	0.0001466782
1231	1414.679	7.8	7.822	0.0001518346
1232	1415.822	7.8	7.822	0.0001625148
1233	1416.97	7.781	7.814	0.0001213108
1234	1418.115	7.781	7.814	0.0001408459
1235	1419.258	7.753	7.806	0.0001061259
1236	1420.401	7.753	7.806	0.0001079159
1237	1421.545	7.749	7.782	0.0001107135
1238	1422.69	7.749	7.782	8.250128e-05
1239	1423.836	7.724	7.755	9.478188e-05
1240	1424.995	7.724	7.755	7.433398e-05
1241	1426.14	7.699	7.708	7.114527e-05
1242	1427.293	7.699	7.708	7.774788e-05
1243	1428.435	7.666	7.693	5.744222e-05
1244	1429.58	7.666	7.693	6.462553e-05
1245	1430.728	7.634	7.684	5.529662e-05
1246	1431.871	7.634	7.684	5.126635e-05
1247	1433.014	7.613	7.662	5.645829e-05
1248	1434.159	7.613	7.662	4.333611e-05
1249	1435.303	7.602	7.628	4.846881e-05
1250	1436.451	7.602	7.628	4.340719e-05
1251	1437.6	7.57	7.596	4.037266e-05
1252	1438.746	7.57	7.596	4.384576e-05
1253	1439.891	7.561	7.581	3.582073e-05
1254	1441.037	7.561	7.581	3.848784e-05
1255	1442.181	7.531	7.576	3.6449e-05
1256	1443.326	7.531	7.576	3.366334e-05
1257	1444.476	7.513	7.564	3.580888e-05
1258	1445.62	7.513	7.564	3.069988e-05
1259	1446.766	7.493	7.535	3.221718e-05
1260	1447.916	7.493	7.535	3.295206e-05
1261	1449.064	7.473	7.507	2.9799e-05
1262	1450.21	7.473	7.507	3.164812e-05
1263	1451.372	7.464	7.491	2.764155e-05
1264	1452.517	7.464	7.491	2.920628e-05
1265	1453.667	7.455	7.484	2.909962e-05
1266	1454.815	7.455	7.484	2.593463e-05
1267	1455.971	7.435	7.473	2.776012e-05
1268	1457.117	7.435	7.473	2.624285e-05
1269	1458.263	7.407	7.45	2.468999e-05
1270	1459.409	7.407	7.45	2.581609e-05
1271	1460.558	7.374	7.413	2.42277e-05
1272	1461.703	7.374	7.413	2.464256e-05
1273	1462.85	7.358	7.387	2.330302e-05
1274	1463.997	7.358	7.387	2.299488e-05
1275	1465.143	7.347	7.376	2.370615e-05
1276	1466.288	7.347	7.376	2.191619e-05
1277	1467.433	7.331	7.367	2.254446e-05
1278	1468.58	7.331	7.367	2.205843e-05
1279	1469.725	7.305	7.334	2.080193e-05
1280	1470.869	7.305	7.334	2.207029e-05
1281	1472.014	7.275	7.316	2.009067e-05
1282	1473.159	7.275	7.316	2.096788e-05
1283	1474.303	7.255	7.287	2.022107e-05
1284	1475.452	7.255	7.287	2.00551e-05
1285	1476.598	7.244	7.273	2.067153e-05
1286	1477.743	7.244	7.273	1.915414e-05
1287	1478.887	7.229	7.263	2.000772e-05
1288	1480.03	7.229	7.263	1.948614e-05
1289	1481.175	7.2	7.244	1.875118e-05
1290	1482.322	7.2	7.244	1.955724e-05
1291	1483.467	7.168	7.21	1.904754e-05
1292	1484.613	7.168	7.21	1.910677e-05
1293	1485.756	7.146	7.179	1.8609e-05
1294	1486.904	7.146	7.179	1.814667e-05
1295	1488.05	7.134	7.163	1.864454e-05
1296	1489.196	7.134	7.163	1.801628e-05
1297	1490.34	7.123	7.155	1.824147e-05
1298	1491.483	7.123	7.155	1.822965e-05
1299	1492.63	7.106	7.144	1.794514e-05
1300	1493.777	7.106	7.144	1.836001e-05
1301	1494.923	7.08	7.121	1.726948e-05
1302	1496.071	7.08	7.121	1.761321e-05
1303	1497.216	7.056	7.092	1.770804e-05
1304	1498.364	7.056	7.092	1.735247e-05
1305	1499.513	7.041	7.072	1.776736e-05
1306	1500.659	7.041	7.072	1.670049e-05
1307	1501.807	7.013	7.043	1.684273e-05
1308	1502.953	7.013	7.043	1.689011e-05
1309	1504.101	6.996	7.022	1.672421e-05
1310	1505.251	6.996	7.022	1.698499e-05
1311	1506.397	6.98	7.008	1.709168e-05
1312	1507.547	6.98	7.008	1.696124e-05
1313	1508.702	6.964	6.995	1.642777e-05
1314	1509.85	6.964	6.995	1.636861e-05
1315	1510.998	6.939	6.972	1.657007e-05
1316	1512.146	6.939	6.972	1.652269e-05
1317	1513.293	6.91	6.941	1.652267e-05
1318	1514.44	6.91	6.941	1.648711e-05
1319	1515.587	6.888	6.916	1.627376e-05
1320	1516.733	6.888	6.916	1.645154e-05
1321	1517.879	6.875	6.903	1.579957e-05
1322	1519.026	6.875	6.903	1.622633e-05
1323	1520.171	6.864	6.894	1.632118e-05
1324	1521.32	6.864	6.894	1.626189e-05
1325	1522.467	6.842	6.875	1.60011e-05
1326	1523.619	6.842	6.875	1.584698e-05
1327	1524.764	6.814	6.846	1.640408e-05
1328	1525.91	6.814	6.846	1.665306e-05
1329	1527.071	6.788	6.818	1.614335e-05
1330	1528.215	6.788	6.818	1.625008e-05
1331	1529.364	6.773	6.801	1.691389e-05
1332	1530.506	6.773	6.801	1.606037e-05
1333	1531.654	6.753	6.788	1.601297e-05
1334	1532.799	6.753	6.788	1.649897e-05
1335	1533.945	6.743	6.776	1.604849e-05
1336	1535.095	6.743	6.776	1.581144e-05
1337	1536.241	6.718	6.752	1.600112e-05
1338	1537.394	6.718	6.752	1.590629e-05
1339	1538.538	6.692	6.723	1.556252e-05
1340	1539.682	6.692	6.723	1.570477e-05
1341	1540.829	6.674	6.703	1.600113e-05
1342	1541.975	6.674	6.703	1.532545e-05
1343	1543.121	6.661	6.691	1.596556e-05
1344	1544.265	6.661	6.691	1.594183e-05
1345	1545.408	6.644	6.678	1.598921e-05
1346	1546.556	6.644	6.678	1.58707e-05
1347	1547.701	6.619	6.654	1.585886e-05
1348	1548.845	6.619	6.654	1.593001e-05
1349	1549.989	6.595	6.628	1.560993e-05
1350	1551.141	6.595	6.628	1.61078e-05
1351	1552.286	6.576	6.605	1.602482e-05
1352	1553.432	6.576	6.605	1.594184e-05
1353	1554.579	6.561	6.605	1.568106e-05
1354	1555.727	6.561	6.605	1.588259e-05
1355	1556.874	6.529	6.579	1.621452e-05
1356	1558.021	6.529	6.579	1.547948e-05
1357	1559.168	6.513	6.557	1.560993e-05
1358	1560.316	6.513	6.557	1.581146e-05
1359	1561.462	6.499	6.539	1.622638e-05
1360	1562.61	6.499	6.539	1.594186e-05
1361	1563.758	6.479	6.501	1.538471e-05
1362	1564.905	6.479	6.501	1.577588e-05
1363	1566.052	6.449	6.482	1.578776e-05
1364	1567.198	6.449	6.482	1.534916e-05
1365	1568.343	6.421	6.474	1.491056e-05
1366	1569.493	6.421	6.474	1.587072e-05
1367	1570.637	6.403	6.452	1.528992e-05
1368	1571.784	6.403	6.452	1.581148e-05
1369	1572.935	6.39	6.424	1.576406e-05
1370	1574.087	6.39	6.424	1.622638e-05
1371	1575.234	6.375	6.396	1.576402e-05
1372	1576.378	6.375	6.396	1.505282e-05
1373	1577.526	6.351	6.403	1.545584e-05
1374	1578.671	6.351	6.403	1.583516e-05
1375	1579.819	6.327	6.371	1.563364e-05
1376	1580.966	6.327	6.371	1.572851e-05
1377	1582.112	6.308	6.359	1.488686e-05
1378	1583.255	6.308	6.359	1.504096e-05
1379	1584.402	6.296	6.334	1.536102e-05
1380	1585.55	6.296	6.334	1.583515e-05
1381	1586.692	6.28	6.303	1.52662e-05
1382	1587.84	6.28	6.303	1.513577e-05
1383	1588.993	6.257	6.308	1.518317e-05
1384	1590.139	6.257	6.308	1.542033e-05
1385	1591.285	6.229	6.271	1.584704e-05
1386	1592.43	6.229	6.271	1.544401e-05
1387	1593.574	6.206	6.258	1.542031e-05
1388	1594.719	6.206	6.258	1.566918e-05
1389	1595.863	6.194	6.237	1.462609e-05
1390	1597.006	6.194	6.237	1.530174e-05
1391	1598.147	6.181	6.208	1.500542e-05
1392	1599.294	6.181	6.208	1.594189e-05
1393	1600.439	6.161	6.185	1.524249e-05
1394	1601.583	6.161	6.185	1.510025e-05
1395	1602.727	6.133	6.188	1.562183e-05
1396	1603.875	6.133	6.188	1.478021e-05
1397	1605.02	6.108	6.16	1.543216e-05
1398	1606.167	6.108	6.16	1.560996e-05
1399	1607.311	6.09	6.138	1.582333e-05
1400	1608.46	6.09	6.138	1.494614e-05
1401	1609.612	6.08	6.111	1.55033e-05
1402	1610.762	6.08	6.111	1.510021e-05
1403	1611.909	6.048	6.088	1.496985e-05
1404	1613.06	6.048	6.088	1.558625e-05
1405	1614.209	6.034	6.073	1.542026e-05
1406	1615.356	6.034	6.073	1.595369e-05
1407	1616.5	6.02	6.061	1.526621e-05
1408	1617.645	6.02	6.061	1.577591e-05
1409	1618.793	5.995	6.037	1.595372e-05
1410	1619.95	5.995	6.037	1.560993e-05
1411	1621.1	5.967	6.013	1.540845e-05
1412	1622.246	5.967	6.013	1.596555e-05
1413	1623.395	5.943	5.985	1.542026e-05
1414	1624.544	5.943	5.985	1.468533e-05
1415	1625.691	5.932	5.968	1.50054e-05
1416	1626.84	5.932	5.968	1.591814e-05
1417	1627.985	5.922	5.96	1.562181e-05
1418	1629.133	5.922	5.96	1.551511e-05
1419	1630.276	5.907	5.95	1.584704e-05
1420	1631.419	5.907	5.95	1.578771e-05
1421	1632.564	5.882	5.929	1.551511e-05
1422	1633.714	5.882	5.929	1.540839e-05
1423	1634.86	5.856	5.9	1.517135e-05
1424	1636.007	5.856	5.9	1.539657e-05
1425	1637.153	5.838	5.903	1.556255e-05
1426	1638.299	5.838	5.903	1.579963e-05
1427	1639.443	5.823	5.863	1.550322e-05
1428	1640.59	5.823	5.863	1.577592e-05
1429	1641.736	5.808	5.851	1.55388e-05
1430	1642.884	5.808	5.851	1.521874e-05
1431	1644.03	5.786	5.833	1.538474e-05
1432	1645.175	5.786	5.833	1.596558e-05
1433	1646.32	5.758	5.803	1.545587e-05
1434	1647.463	5.758	5.803	1.543212e-05
1435	1648.609	5.74	5.78	1.517127e-05
1436	1649.752	5.74	5.78	1.537288e-05
1437	1650.894	5.725	5.765	1.550325e-05
1438	1652.042	5.725	5.765	1.506466e-05
1439	1653.186	5.712	5.753	1.553879e-05
1440	1654.33	5.712	5.753	1.517137e-05
1441	1655.472	5.69	5.738	1.507653e-05
1442	1656.616	5.69	5.738	1.517132e-05
1443	1657.757	5.66	5.715	1.505281e-05
1444	1658.9	5.66	5.715	1.530169e-05
1445	1660.046	5.634	5.677	1.551511e-05
1446	1661.189	5.634	5.677	1.505283e-05
1447	1662.332	5.609	5.648	1.545584e-05
1448	1663.481	5.609	5.648	1.508839e-05
1449	1664.629	5.579	5.616	1.555069e-05
1450	1665.774	5.579	5.616	1.551513e-05
1451	1666.921	5.561	5.597	1.538478e-05
1452	1668.067	5.561	5.597	1.473277e-05
1453	1669.211	5.548	5.585	1.585892e-05
1454	1670.353	5.548	5.585	1.556255e-05
1455	1671.496	5.532	5.571	1.521881e-05
1456	1672.642	5.532	5.571	1.528992e-05
1457	1673.79	5.506	5.546	1.4875e-05
1458	1674.937	5.506	5.546	1.575221e-05
1459	1676.1	5.482	5.521	1.485131e-05
1460	1677.247	5.482	5.521	1.568107e-05
1461	1678.39	5.461	5.498	1.543217e-05
1462	1679.536	5.461	5.498	1.571666e-05
1463	1680.681	5.446	5.484	1.52069e-05
1464	1681.83	5.446	5.484	1.569295e-05
1465	1682.981	5.432	5.471	1.531361e-05
1466	1684.129	5.432	5.471	1.515949e-05
1467	1685.272	5.408	5.448	1.568109e-05
1468	1686.419	5.408	5.448	1.536098e-05
1469	1687.561	5.377	5.416	1.545586e-05
1470	1688.705	5.377	5.416	1.50884e-05
1471	1689.848	5.352	5.39	1.519509e-05
1472	1690.996	5.352	5.39	1.564555e-05
1473	1692.143	5.338	5.375	1.505285e-05
1474	1693.294	5.338	5.375	1.569295e-05
1475	1694.438	5.327	5.366	1.523062e-05
1476	1695.579	5.327	5.366	1.557441e-05
1477	1696.721	5.312	5.352	1.549145e-05
1478	1697.864	5.312	5.352	1.54796e-05
1479	1699.004	5.285	5.325	1.525434e-05
1480	1700.15	5.285	5.325	1.536107e-05
1481	1701.292	5.259	5.297	1.581151e-05
1482	1702.44	5.259	5.297	1.543217e-05
1483	1703.588	5.24	5.278	1.504098e-05
1484	1704.742	5.24	5.278	1.570481e-05
1485	1705.889	5.23	5.269	1.576406e-05
1486	1707.035	5.23	5.269	1.546772e-05
1487	1708.18	5.215	5.255	1.559812e-05
1488	1709.324	5.215	5.255	1.597743e-05
1489	1710.477	5.19	5.231	1.555071e-05
1490	1711.621	5.19	5.231	1.514766e-05
1491	1712.769	5.163	5.203	1.572852e-05
1492	1713.916	5.163	5.203	1.533729e-05
1493	1715.069	5.143	5.181	1.610783e-05
1494	1716.22	5.143	5.181	1.566923e-05
1495	1717.368	5.124	5.171	1.531356e-05
1496	1718.516	5.124	5.171	1.559812e-05
1497	1719.659	5.101	5.158	1.514769e-05
1498	1720.803	5.101	5.158	1.513581e-05
1499	1721.947	5.085	5.136	1.578779e-05
1500	1723.094	5.085	5.136	1.564554e-05
1501	1724.239	5.07	5.106	1.495802e-05
1502	1725.381	5.07	5.106	1.533735e-05
1503	1726.526	5.05	5.082	1.546771e-05
1504	1727.675	5.05	5.082	1.524249e-05
1505	1728.819	5.022	5.066	1.559813e-05
1506	1729.965	5.022	5.066	1.512398e-05
1507	1731.129	4.994	5.055	1.514763e-05
1508	1732.272	4.994	5.055	1.58352e-05
1509	1733.416	4.976	5.029	1.517138e-05
1510	1734.557	4.976	5.029	1.543214e-05
1511	1735.7	4.962	5.004	1.570478e-05
1512	1736.844	4.962	5.004	1.514767e-05
1513	1737.992	4.945	4.999	1.469723e-05
1514	1739.136	4.945	4.999	1.562182e-05
1515	1740.284	4.918	4.961	1.495802e-05
1516	1741.433	4.918	4.961	1.466165e-05
1517	1742.584	4.896	4.952	1.597744e-05
1518	1743.733	4.896	4.952	1.533733e-05
1519	1744.879	4.877	4.934	1.533731e-05
1520	1746.023	4.877	4.934	1.53136e-05
1521	1747.168	4.863	4.912	1.551512e-05
1522	1748.309	4.863	4.912	1.5527e-05
1523	1749.454	4.848	4.884	1.510025e-05
1524	1750.601	4.848	4.884	1.513582e-05
1525	1751.742	4.824	4.863	1.536104e-05
1526	1752.884	4.824	4.863	1.543217e-05
1527	1754.024	4.805	4.861	1.513583e-05
1528	1755.193	4.805	4.861	1.487501e-05
1529	1756.34	4.777	4.84	1.542026e-05
1530	1757.488	4.777	4.84	1.495801e-05
1531	1758.635	4.761	4.814	1.528989e-05
1532	1759.778	4.761	4.814	1.52188e-05
1533	1760.923	4.747	4.786	1.526621e-05
1534	1762.073	4.747	4.786	1.572851e-05
1535	1763.217	4.726	4.765	1.515952e-05
1536	1764.358	4.726	4.765	1.570481e-05
1537	1765.504	4.7	4.765	1.557438e-05
1538	1766.65	4.7	4.765	1.601299e-05
1539	1767.795	4.675	4.738	1.549144e-05
1540	1768.942	4.675	4.738	1.500542e-05
1541	1770.087	4.659	4.717	1.506468e-05
1542	1771.231	4.659	4.717	1.559812e-05
1543	1772.374	4.629	4.686	1.565736e-05
1544	1773.518	4.629	4.686	1.521879e-05
1545	1774.661	4.608	4.661	1.583517e-05
1546	1775.804	4.608	4.661	1.53966e-05
1547	1776.944	4.595	4.647	1.559813e-05
1548	1778.094	4.595	4.647	1.576407e-05
1549	1779.239	4.581	4.637	1.533731e-05
1550	1780.385	4.581	4.637	1.539661e-05
1551	1781.531	4.554	4.616	1.575221e-05
1552	1782.677	4.554	4.616	1.523063e-05
1553	1783.819	4.542	4.594	1.533736e-05
1554	1784.964	4.542	4.594	1.511211e-05
1555	1786.111	4.534	4.574	1.519507e-05
1556	1787.257	4.534	4.574	1.523063e-05
1557	1788.402	4.508	4.562	1.558625e-05
1558	1789.55	4.508	4.562	1.526616e-05
1559	1790.7	4.496	4.55	1.485134e-05
1560	1791.848	4.496	4.55	1.51121e-05
1561	1792.996	4.472	4.539	1.596558e-05
1562	1794.144	4.472	4.539	1.506464e-05
1563	1795.291	4.455	4.516	1.538474e-05
1564	1796.438	4.455	4.516	1.498173e-05
1565	1797.585	4.442	4.486	1.547956e-05
1566	1798.732	4.442	4.486	1.564551e-05
1567	1799.878	4.41	4.466	1.504097e-05
1568	1801.022	4.41	4.466	1.569289e-05
1569	1802.167	4.393	4.45	1.536106e-05
1570	1803.31	4.393	4.45	1.514768e-05
1571	1804.453	4.376	4.433	1.55151e-05
1572	1805.598	4.376	4.433	1.536105e-05
1573	1806.74	4.351	4.412	1.531364e-05
1574	1807.883	4.351	4.412	1.574035e-05
1575	1809.028	4.333	4.382	1.543217e-05
1576	1810.176	4.333	4.382	1.510022e-05
1577	1811.323	4.303	4.359	1.534913e-05
1578	1812.469	4.303	4.359	1.524249e-05
1579	1813.617	4.286	4.361	1.527807e-05
1580	1814.764	4.286	4.361	1.542031e-05
1581	1815.907	4.26	4.325	1.538465e-05
1582	1817.061	4.26	4.325	1.550332e-05
1583	1818.201	4.247	4.306	1.49817e-05
1584	1819.343	4.247	4.306	1.559807e-05
1585	1820.484	4.22	4.28	1.518324e-05
1586	1821.629	4.22	4.28	1.539657e-05
1587	1822.774	4.203	4.255	1.521879e-05
1588	1823.916	4.203	4.255	1.553883e-05
1589	1825.064	4.178	4.23	1.528993e-05
1590	1826.207	4.178	4.23	1.512394e-05
1591	1827.349	4.148	4.2	1.570481e-05
1592	1828.491	4.148	4.2	1.542033e-05
1593	1829.638	4.129	4.18	1.476832e-05
1594	1830.785	4.129	4.18	1.517135e-05
1595	1831.935	4.114	4.166	1.555072e-05
1596	1833.083	4.114	4.166	1.481575e-05
1597	1834.231	4.097	4.15	1.547955e-05
1598	1835.38	4.097	4.15	1.505283e-05
1599	1836.527	4.073	4.127	1.518323e-05
1600	1837.679	4.073	4.127	1.556254e-05
1601	1838.824	4.047	4.101	1.515953e-05
1602	1839.978	4.047	4.101	1.565735e-05
1603	1841.123	4.026	4.078	1.551515e-05
1604	1842.268	4.026	4.078	1.581143e-05
1605	1843.412	4.012	4.065	1.574036e-05
1606	1844.555	4.012	4.065	1.57996e-05
1607	1845.7	3.998	4.052	1.58707e-05
1608	1846.847	3.998	4.052	1.517138e-05
1609	1847.994	3.978	4.032	1.537287e-05
1610	1849.139	3.978	4.032	1.571663e-05
1611	1850.283	3.951	4.005	1.568107e-05
1612	1851.428	3.951	4.005	1.539657e-05
1613	1852.573	3.934	3.987	1.569291e-05
1614	1853.715	3.934	3.987	1.532545e-05
1615	1854.858	3.918	3.972	1.587073e-05
1616	1856.001	3.918	3.972	1.462607e-05
1617	1857.144	3.903	3.957	1.532544e-05
1618	1858.294	3.903	3.957	1.536102e-05
1619	1859.441	3.883	3.938	1.524248e-05
1620	1860.585	3.883	3.938	1.539656e-05
1621	1861.73	3.855	3.91	1.542029e-05
1622	1862.875	3.855	3.91	1.536101e-05
1623	1864.019	3.834	3.889	1.519507e-05
1624	1865.161	3.834	3.889	1.496982e-05
1625	1866.305	3.815	3.869	1.551508e-05
1626	1867.447	3.815	3.869	1.537283e-05
1627	1868.591	3.799	3.854	1.550325e-05
1628	1869.733	3.799	3.854	1.555066e-05
1629	1870.873	3.781	3.837	1.553883e-05
1630	1872.013	3.781	3.837	1.533726e-05
1631	1873.154	3.75	3.812	1.526618e-05
1632	1874.3	3.75	3.812	1.530172e-05
1633	1875.444	3.74	3.79	1.482759e-05
1634	1876.588	3.74	3.79	1.557434e-05
1635	1877.736	3.717	3.768	1.571659e-05
1636	1878.887	3.717	3.768	1.564551e-05
1637	1880.039	3.689	3.753	1.550325e-05
1638	1881.187	3.689	3.753	1.57759e-05
1639	1882.334	3.663	3.736	1.52069e-05
1640	1883.485	3.663	3.736	1.515947e-05
1641	1884.632	3.655	3.716	1.512391e-05
1642	1885.778	3.655	3.716	1.596552e-05
1643	1886.927	3.63	3.689	1.533729e-05
1644	1888.089	3.63	3.689	1.559806e-05
1645	1889.234	3.614	3.666	1.585885e-05
1646	1890.38	3.614	3.666	1.528986e-05
1647	1891.526	3.588	3.649	1.480387e-05
1648	1892.675	3.588	3.649	1.551507e-05
1649	1893.821	3.568	3.639	1.531357e-05
1650	1894.979	3.568	3.639	1.555061e-05
1651	1896.129	3.546	3.62	1.550322e-05
1652	1897.278	3.546	3.62	1.606037e-05
1653	1898.428	3.529	3.591	1.558621e-05
1654	1899.578	3.529	3.591	1.501724e-05
1655	1900.726	3.508	3.563	1.483938e-05
1656	1901.875	3.508	3.563	1.569291e-05
1657	1903.023	3.487	3.545	1.536099e-05
1658	1904.171	3.487	3.545	1.558621e-05
1659	1905.32	3.465	3.534	1.542029e-05
1660	1906.477	3.465	3.534	1.565734e-05
1661	1907.625	3.442	3.52	1.523062e-05
1662	1908.774	3.442	3.52	1.508835e-05
1663	1909.924	3.422	3.493	1.556252e-05
1664	1911.08	3.422	3.493	1.53847e-05
1665	1912.228	3.403	3.468	1.556249e-05
1666	1913.38	3.403	3.468	1.542023e-05
1667	1914.528	3.388	3.447	1.510017e-05
1668	1915.68	3.388	3.447	1.543211e-05
1669	1916.831	3.362	3.432	1.569291e-05
1670	1917.984	3.362	3.432	1.5278e-05
1671	1919.131	3.342	3.421	1.555066e-05
1672	1920.279	3.342	3.421	1.538468e-05
1673	1921.426	3.33	3.406	1.569287e-05
1674	1922.575	3.33	3.406	1.539654e-05
1675	1923.723	3.306	3.381	1.521876e-05
1676	1924.869	3.306	3.381	1.569289e-05
1677	1926.017	3.286	3.359	1.538468e-05
1678	1927.164	3.286	3.359	1.549137e-05
1679	1928.308	3.271	3.344	1.564543e-05
1680	1929.454	3.271	3.344	1.5195e-05
1681	1930.601	3.256	3.33	1.530172e-05
1682	1931.747	3.256	3.33	1.636855e-05
1683	1932.894	3.235	3.31	1.536098e-05
1684	1934.053	3.235	3.31	1.606034e-05
1685	1935.198	3.213	3.289	1.532543e-05
1686	1936.343	3.213	3.289	1.53136e-05
1687	1937.489	3.198	3.27	1.576402e-05
1688	1938.634	3.198	3.27	1.585876e-05
1689	1939.779	3.191	3.261	1.555065e-05
1690	1940.923	3.191	3.261	1.491054e-05
1691	1942.069	3.187	3.257	1.547951e-05
1692	1943.221	3.187	3.257	1.537283e-05
1693	1944.365	3.18	3.252	1.547952e-05
1694	1945.513	3.18	3.252	1.510018e-05
1695	1946.661	3.169	3.242	1.530169e-05
1696	1947.807	3.169	3.242	1.559804e-05
1697	1948.952	3.158	3.23	1.494606e-05
1698	1950.098	3.158	3.23	1.559805e-05
1699	1951.242	3.154	3.223	1.564546e-05
1700	1952.387	3.154	3.223	1.609588e-05
1701	1953.53	3.154	3.223	1.596552e-05
