# 4pts measurement, sourcing 50 µA
# index	time	T_plat(K)	T_samp(K)	V(V)
0	0.109	3.106	3.185	1.444917e-05
1	1.255	3.106	3.185	1.412912e-05
2	2.408	3.178	3.208	1.411728e-05
3	3.556	3.178	3.208	1.416471e-05
4	4.7	3.363	3.377	1.412913e-05
5	5.853	3.363	3.377	1.405802e-05
6	7.005	3.575	3.592	1.449659e-05
7	8.153	3.575	3.592	1.444919e-05
8	9.3	3.74	3.769	1.469807e-05
9	10.448	3.74	3.769	1.46388e-05
10	11.598	3.866	3.907	1.46388e-05
11	12.748	3.866	3.907	1.443725e-05
12	13.899	3.969	4.01	1.468627e-05
13	15.048	3.969	4.01	1.401055e-05
14	16.192	4.05	4.085	1.438992e-05
15	17.338	4.05	4.085	1.438992e-05
16	18.481	4.11	4.14	1.443732e-05
17	19.621	4.11	4.14	1.465069e-05
18	20.766	4.156	4.19	1.44966e-05
19	21.91	4.156	4.19	1.416464e-05
20	23.057	4.191	4.229	1.520776e-05
21	24.206	4.191	4.229	1.434245e-05
22	25.35	4.211	4.255	1.466258e-05
23	26.495	4.211	4.255	1.424764e-05
24	27.642	4.223	4.269	1.404611e-05
25	28.787	4.223	4.269	1.43662e-05
26	29.932	4.236	4.28	1.4627e-05
27	31.081	4.236	4.28	1.424761e-05
28	32.226	4.254	4.296	1.440173e-05
29	33.371	4.254	4.296	1.431876e-05
30	34.51	4.275	4.317	1.401055e-05
31	35.653	4.275	4.317	1.421204e-05
32	36.798	4.291	4.337	1.441361e-05
33	37.944	4.291	4.337	1.421208e-05
34	39.091	4.3	4.347	1.532635e-05
35	40.235	4.3	4.347	1.420021e-05
36	41.383	4.311	4.355	1.442546e-05
37	42.535	4.311	4.355	1.465066e-05
38	43.682	4.33	4.371	1.537376e-05
39	44.833	4.33	4.371	1.420022e-05
40	45.982	4.352	4.393	1.43069e-05
41	47.131	4.352	4.393	1.46981e-05
42	48.279	4.359	4.417	1.476921e-05
43	49.432	4.359	4.417	1.45914e-05
44	50.606	4.385	4.43	1.431868e-05
45	51.753	4.385	4.43	1.424761e-05
46	52.902	4.398	4.442	1.430691e-05
47	54.053	4.398	4.442	1.486403e-05
48	55.201	4.417	4.458	1.440172e-05
49	56.347	4.417	4.458	1.429505e-05
50	57.498	4.443	4.484	1.498254e-05
51	58.644	4.443	4.484	1.412908e-05
52	59.787	4.468	4.511	1.466252e-05
53	60.932	4.468	4.511	1.422392e-05
54	62.077	4.485	4.531	1.462697e-05
55	63.228	4.485	4.531	1.412906e-05
56	64.375	4.497	4.544	1.481662e-05
57	65.526	4.497	4.544	1.454399e-05
58	66.675	4.512	4.554	1.491147e-05
59	67.826	4.512	4.554	1.465068e-05
60	68.973	4.538	4.578	1.415279e-05
61	70.119	4.538	4.578	1.47692e-05
62	71.266	4.564	4.605	1.433062e-05
63	72.415	4.564	4.605	1.443728e-05
64	73.563	4.584	4.627	1.399868e-05
65	74.715	4.584	4.627	1.436615e-05
66	75.865	4.598	4.642	1.476922e-05
67	77.011	4.598	4.642	1.468619e-05
68	78.161	4.63	4.678	1.411724e-05
69	79.312	4.63	4.678	1.491144e-05
70	80.462	4.646	4.694	1.463878e-05
71	81.618	4.646	4.694	1.478103e-05
72	82.77	4.658	4.705	1.501814e-05
73	83.92	4.658	4.705	1.434246e-05
74	85.074	4.678	4.726	1.468618e-05
75	86.225	4.678	4.726	1.494697e-05
76	87.379	4.703	4.749	1.434242e-05
77	88.541	4.703	4.749	1.428316e-05
78	89.692	4.728	4.775	1.420016e-05
79	90.84	4.728	4.775	1.404611e-05
80	91.991	4.745	4.791	1.436617e-05
81	93.142	4.745	4.791	1.409353e-05
82	94.294	4.758	4.804	1.427133e-05
83	95.449	4.758	4.804	1.454396e-05
84	96.601	4.777	4.821	1.467434e-05
85	97.754	4.777	4.821	1.482845e-05
86	98.905	4.802	4.843	1.404609e-05
87	100.053	4.802	4.843	1.495884e-05
88	101.198	4.828	4.873	1.46388e-05
89	102.345	4.828	4.873	1.462693e-05
90	103.494	4.847	4.893	1.529076e-05
91	104.66	4.847	4.893	1.4947e-05
92	105.804	4.861	4.905	1.446097e-05
93	106.951	4.861	4.905	1.487586e-05
94	108.097	4.876	4.919	1.412904e-05
95	109.251	4.876	4.919	1.452024e-05
96	110.403	4.9	4.942	1.452024e-05
97	111.558	4.9	4.942	1.428314e-05
98	112.708	4.925	4.968	1.418831e-05
99	113.858	4.925	4.968	1.423573e-05
100	115.008	4.947	4.967	1.412907e-05
101	116.165	4.947	4.967	1.430685e-05
102	117.315	4.962	5.005	1.406977e-05
103	118.465	4.962	5.005	1.41172e-05
104	119.615	4.975	5.017	1.456765e-05
105	120.766	4.975	5.017	1.481654e-05
106	121.915	4.996	5.036	1.449652e-05
107	123.066	4.996	5.036	1.441353e-05
108	124.215	5.021	5.061	1.399865e-05
109	125.365	5.021	5.061	1.437798e-05
110	126.514	5.044	5.085	1.430685e-05
111	127.665	5.044	5.085	1.437798e-05
112	128.815	5.06	5.102	1.430687e-05
113	129.965	5.06	5.102	1.401048e-05
114	131.122	5.073	5.113	1.507736e-05
115	132.272	5.073	5.113	1.424755e-05
116	133.419	5.105	5.133	1.491139e-05
117	134.579	5.105	5.133	1.470987e-05
118	135.726	5.118	5.155	1.438983e-05
119	136.876	5.118	5.155	1.507735e-05
120	138.026	5.132	5.18	1.472174e-05
121	139.178	5.132	5.18	1.403419e-05
122	140.331	5.153	5.198	1.429492e-05
123	141.483	5.153	5.198	1.472167e-05
124	142.648	5.176	5.207	1.479281e-05
125	143.796	5.176	5.207	1.468614e-05
126	144.95	5.197	5.219	1.474543e-05
127	146.101	5.197	5.219	1.465058e-05
128	147.249	5.211	5.241	1.424758e-05
129	148.393	5.211	5.241	1.466245e-05
130	149.541	5.234	5.277	1.410529e-05
131	150.706	5.234	5.277	1.462689e-05
132	151.847	5.253	5.299	1.436612e-05
133	152.986	5.253	5.299	1.461503e-05
134	154.134	5.275	5.296	1.416456e-05
135	155.282	5.275	5.296	1.379711e-05
136	156.429	5.299	5.321	1.481656e-05
137	157.579	5.299	5.321	1.455571e-05
138	158.723	5.319	5.345	1.481656e-05
139	159.884	5.319	5.345	1.396306e-05
140	161.024	5.333	5.372	1.434237e-05
141	162.17	5.333	5.372	1.431866e-05
142	163.317	5.351	5.397	1.427128e-05
143	164.464	5.351	5.397	1.446092e-05
144	165.609	5.375	5.413	1.403418e-05
145	166.753	5.375	5.413	1.365485e-05
146	167.9	5.401	5.424	1.453206e-05
147	169.046	5.401	5.424	1.468614e-05
148	170.193	5.421	5.443	1.424753e-05
149	171.342	5.421	5.443	1.424753e-05
150	172.487	5.435	5.469	1.444909e-05
151	173.63	5.435	5.469	1.491137e-05
152	174.776	5.446	5.493	1.446089e-05
153	175.919	5.446	5.493	1.44016e-05
154	177.062	5.465	5.486	1.486396e-05
155	178.204	5.465	5.486	1.437795e-05
156	179.351	5.491	5.519	1.421198e-05
157	180.498	5.491	5.519	1.411714e-05
158	181.659	5.514	5.534	1.44253e-05
159	182.805	5.514	5.534	1.385633e-05
160	183.949	5.529	5.556	1.420015e-05
161	185.091	5.529	5.556	1.459126e-05
162	186.235	5.555	5.584	1.43068e-05
163	187.38	5.555	5.584	1.462687e-05
164	188.524	5.574	5.606	1.379709e-05
165	189.67	5.574	5.606	1.416454e-05
166	190.811	5.588	5.62	1.436609e-05
167	191.958	5.588	5.62	1.456758e-05
168	193.103	5.604	5.632	1.417642e-05
169	194.248	5.604	5.632	1.444907e-05
170	195.393	5.631	5.656	1.398672e-05
171	196.552	5.631	5.656	1.442531e-05
172	197.699	5.658	5.684	1.416457e-05
173	198.843	5.658	5.684	1.417637e-05
174	199.99	5.674	5.706	1.406971e-05
175	201.135	5.674	5.706	1.461502e-05
176	202.279	5.686	5.701	1.371404e-05
177	203.427	5.686	5.701	1.453202e-05
178	204.573	5.702	5.731	1.376152e-05
179	205.718	5.702	5.731	1.469798e-05
180	206.862	5.725	5.75	1.43898e-05
181	208.005	5.725	5.75	1.4615e-05
182	209.151	5.751	5.777	1.429496e-05
183	210.295	5.751	5.777	1.421198e-05
184	211.441	5.77	5.8	1.34296e-05
185	212.588	5.77	5.8	1.470979e-05
186	213.733	5.784	5.816	1.442534e-05
187	214.879	5.784	5.816	1.454388e-05
188	216.023	5.799	5.829	1.457945e-05
189	217.166	5.799	5.829	1.403417e-05
190	218.317	5.82	5.845	1.448462e-05
191	219.462	5.82	5.845	1.43542e-05
192	220.605	5.846	5.871	1.461501e-05
193	221.751	5.846	5.871	1.488763e-05
194	222.893	5.872	5.899	1.408154e-05
195	224.04	5.872	5.899	1.46387e-05
196	225.187	5.891	5.922	1.472166e-05
197	226.333	5.891	5.922	1.40934e-05
198	227.481	5.905	5.935	1.4212e-05
199	228.628	5.905	5.935	1.420008e-05
200	229.774	5.923	5.951	1.418823e-05
201	230.921	5.923	5.951	1.44609e-05
202	232.067	5.947	5.972	1.449644e-05
203	233.227	5.947	5.972	1.409341e-05
204	234.37	5.974	5.999	1.485211e-05
205	235.523	5.974	5.999	1.436608e-05
206	236.669	5.994	6.024	1.440163e-05
207	237.826	5.994	6.024	1.502992e-05
208	238.976	6.015	6.048	1.411714e-05
209	240.124	6.015	6.048	1.427124e-05
210	241.274	6.039	6.074	1.402229e-05
211	242.422	6.039	6.074	1.512474e-05
212	243.586	6.053	6.089	1.425933e-05
213	244.734	6.053	6.089	1.398676e-05
214	245.879	6.063	6.097	1.476908e-05
215	247.024	6.063	6.097	1.421198e-05
216	248.176	6.082	6.114	1.422378e-05
217	249.324	6.082	6.114	1.455573e-05
218	250.475	6.108	6.14	1.488764e-05
219	251.621	6.108	6.14	1.455572e-05
220	252.768	6.135	6.168	1.456758e-05
221	253.917	6.135	6.168	1.480461e-05
222	255.063	6.143	6.189	1.467423e-05
223	256.208	6.143	6.189	1.420006e-05
224	257.356	6.164	6.198	1.50773e-05
225	258.503	6.164	6.198	1.486391e-05
226	259.671	6.179	6.21	1.558701e-05
227	260.811	6.179	6.21	1.441345e-05
228	261.959	6.202	6.233	1.485203e-05
229	263.102	6.202	6.233	1.478094e-05
230	264.254	6.229	6.261	1.474541e-05
231	265.399	6.229	6.261	1.453197e-05
232	266.552	6.25	6.284	1.463867e-05
233	267.694	6.25	6.284	1.433051e-05
234	268.836	6.261	6.297	1.505354e-05
235	269.974	6.261	6.297	1.431866e-05
236	271.116	6.275	6.307	1.434236e-05
237	272.26	6.275	6.307	1.417637e-05
238	273.405	6.296	6.326	1.466242e-05
239	274.571	6.296	6.326	1.466242e-05
240	275.714	6.323	6.354	1.476908e-05
241	276.858	6.323	6.354	1.482836e-05
242	277.999	6.347	6.38	1.45794e-05
243	279.14	6.347	6.38	1.393927e-05
244	280.285	6.363	6.397	1.48402e-05
245	281.434	6.363	6.397	1.486394e-05
246	282.591	6.377	6.409	1.48639e-05
247	283.735	6.377	6.409	1.466239e-05
248	284.877	6.395	6.424	1.438972e-05
249	286.022	6.395	6.424	1.4686e-05
250	287.167	6.418	6.448	1.498244e-05
251	288.31	6.418	6.448	1.504173e-05
252	289.457	6.444	6.475	1.481648e-05
253	290.599	6.444	6.475	1.475722e-05
254	291.741	6.46	6.495	1.502984e-05
255	292.883	6.46	6.495	1.544472e-05
256	294.029	6.487	6.508	1.450819e-05
257	295.175	6.487	6.508	1.478092e-05
258	296.322	6.51	6.524	1.478094e-05
259	297.477	6.51	6.524	1.521948e-05
260	298.621	6.525	6.549	1.504165e-05
261	299.762	6.525	6.549	1.50773e-05
262	300.91	6.539	6.578	1.524319e-05
263	302.057	6.539	6.578	1.565807e-05
264	303.199	6.562	6.601	1.540916e-05
265	304.345	6.562	6.601	1.524322e-05
266	305.49	6.59	6.615	1.570546e-05
267	306.635	6.59	6.615	1.609668e-05
268	307.78	6.615	6.627	1.533802e-05
269	308.925	6.615	6.627	1.536172e-05
270	310.071	6.632	6.652	1.576478e-05
271	311.226	6.632	6.652	1.607301e-05
272	312.372	6.645	6.68	1.583587e-05
273	313.515	6.645	6.68	1.644047e-05
274	314.669	6.664	6.704	1.595444e-05
275	315.819	6.664	6.704	1.57648e-05
276	316.964	6.687	6.716	1.60374e-05
277	318.112	6.687	6.716	1.580033e-05
278	319.261	6.711	6.725	1.584776e-05
279	320.409	6.711	6.725	1.536177e-05
280	321.564	6.728	6.744	1.587144e-05
281	322.712	6.728	6.744	1.634561e-05
282	323.857	6.741	6.771	1.635747e-05
283	325.005	6.741	6.771	1.590705e-05
284	326.15	6.757	6.797	1.665384e-05
285	327.295	6.757	6.797	1.647603e-05
286	328.445	6.781	6.813	1.646414e-05
287	329.594	6.781	6.813	1.676052e-05
288	330.74	6.807	6.824	1.730577e-05
289	331.889	6.807	6.824	1.7531e-05
290	333.033	6.828	6.84	1.7614e-05
291	334.178	6.828	6.84	1.693829e-05
292	335.32	6.841	6.865	1.728207e-05
293	336.472	6.841	6.865	1.805256e-05
294	337.616	6.855	6.894	1.79933e-05
295	338.76	6.855	6.894	1.743618e-05
296	339.913	6.878	6.913	1.860971e-05
297	341.06	6.878	6.913	1.878756e-05
298	342.214	6.905	6.925	1.834886e-05
299	343.362	6.905	6.925	1.865708e-05
300	344.51	6.927	6.938	1.865713e-05
301	345.656	6.927	6.938	1.934467e-05
302	346.801	6.939	6.957	1.901275e-05
303	347.953	6.939	6.957	1.971209e-05
304	349.097	6.964	6.983	1.981883e-05
305	350.244	6.964	6.983	2.01981e-05
306	351.392	6.982	7.007	2.048262e-05
307	352.572	6.982	7.007	2.141907e-05
308	353.719	6.995	7.021	2.086191e-05
309	354.866	6.995	7.021	2.18221e-05
310	356.011	7.015	7.035	2.145465e-05
311	357.155	7.015	7.035	2.205918e-05
312	358.299	7.041	7.057	2.34817e-05
313	359.446	7.041	7.057	2.28178e-05
314	360.602	7.068	7.086	2.395584e-05
315	361.743	7.068	7.086	2.433515e-05
316	362.895	7.09	7.114	2.377801e-05
317	364.04	7.09	7.114	2.752386e-05
318	365.189	7.103	7.13	2.493973e-05
319	366.335	7.103	7.13	2.649259e-05
320	367.482	7.117	7.139	2.791502e-05
321	368.63	7.117	7.139	2.738163e-05
322	369.777	7.139	7.155	3.001321e-05
323	370.921	7.139	7.155	2.850775e-05
324	372.066	7.167	7.183	3.093776e-05
325	373.212	7.167	7.183	3.264474e-05
326	374.362	7.172	7.213	3.196914e-05
327	375.511	7.172	7.213	3.580985e-05
328	376.652	7.203	7.231	3.321379e-05
329	377.793	7.203	7.231	3.705451e-05
330	378.934	7.212	7.237	3.877328e-05
331	380.078	7.212	7.237	3.776573e-05
332	381.222	7.231	7.248	4.401276e-05
333	382.366	7.231	7.248	3.952011e-05
334	383.512	7.259	7.273	4.470027e-05
335	384.657	7.259	7.273	4.937077e-05
336	385.802	7.286	7.305	4.586193e-05
337	386.947	7.286	7.305	5.609195e-05
338	388.085	7.304	7.33	4.919295e-05
339	389.225	7.304	7.33	5.775153e-05
340	390.37	7.314	7.34	6.361918e-05
341	391.524	7.314	7.34	5.932809e-05
342	392.666	7.331	7.35	7.299567e-05
343	393.813	7.331	7.35	6.489944e-05
344	394.954	7.358	7.372	7.390841e-05
345	396.098	7.358	7.372	8.595212e-05
346	397.244	7.388	7.403	7.792698e-05
347	398.39	7.388	7.403	9.814978e-05
348	399.55	7.408	7.433	8.882074e-05
349	400.694	7.408	7.433	9.97738e-05
350	401.839	7.417	7.445	0.0001192736
351	402.983	7.417	7.445	0.0001009118
352	404.13	7.452	7.481	0.000129622
353	405.275	7.452	7.481	0.0001185861
354	406.425	7.461	7.492	0.0001279743
355	407.584	7.461	7.492	0.0001559379
356	408.743	7.466	7.495	0.0001309852
357	409.898	7.466	7.495	0.0001623984
358	411.047	7.486	7.509	0.0001747858
359	412.201	7.486	7.509	0.0001679695
360	413.349	7.516	7.538	0.0002115213
361	414.502	7.516	7.538	0.0001744064
362	415.651	7.538	7.544	0.0002044682
363	416.798	7.538	7.544	0.0002281402
364	417.941	7.545	7.575	0.0001985765
365	419.082	7.545	7.575	0.0002522751
366	420.224	7.547	7.576	0.0002133112
367	421.367	7.547	7.576	0.0002477589
368	422.531	7.556	7.579	0.0002858454
369	423.695	7.556	7.579	0.0002466564
370	424.84	7.58	7.601	0.0003087001
371	425.988	7.58	7.601	0.0002879199
372	427.133	7.609	7.631	0.0003195347
373	428.278	7.609	7.631	0.000386948
374	429.432	7.635	7.663	0.0003297171
375	430.598	7.635	7.663	0.0003994185
376	431.75	7.643	7.673	0.0004125054
377	432.897	7.643	7.673	0.0004121496
378	434.047	7.658	7.683	0.0005032709
379	435.19	7.658	7.683	0.0004323486
380	436.335	7.682	7.702	0.0005170336
381	437.478	7.682	7.702	0.0005459804
382	438.647	7.715	7.736	0.0005308908
383	439.789	7.715	7.736	0.0006352648
384	440.936	7.744	7.77	0.0005649948
385	442.08	7.744	7.77	0.0006353952
386	443.224	7.753	7.755	0.0006930768
387	444.374	7.753	7.755	0.000651505
388	445.52	7.765	7.791	0.0007644728
389	446.671	7.765	7.791	0.0007085222
390	447.816	7.787	7.807	0.000774157
391	448.962	7.787	7.807	0.000867911
392	450.103	7.82	7.841	0.0008103237
393	451.246	7.82	7.841	0.0009316495
394	452.385	7.854	7.878	0.0008810685
395	453.536	7.854	7.878	0.000951173
396	454.682	7.875	7.904	0.001045826
397	455.83	7.875	7.904	0.0009707792
398	456.976	7.903	7.915	0.001094949
399	458.121	7.903	7.915	0.001052512
400	459.269	7.926	7.926	0.001101682
401	460.418	7.926	7.926	0.001198635
402	461.566	7.938	7.952	0.001110371
403	462.715	7.938	7.952	0.001231294
404	463.866	7.949	7.985	0.001214959
405	465.023	7.949	7.985	0.001231803
406	466.17	7.971	8.011	0.001343077
407	467.319	7.971	8.011	0.001249158
408	468.465	8.001	8.021	0.001357384
409	469.609	8.001	8.021	0.001375721
410	470.757	8.027	8.028	0.001359068
411	471.904	8.027	8.028	0.001471977
412	473.054	8.041	8.06	0.001386011
413	474.202	8.041	8.06	0.001478769
414	475.353	8.049	8.08	0.001521324
415	476.512	8.049	8.08	0.001478129
416	477.662	8.067	8.109	0.001586593
417	478.812	8.067	8.109	0.001529207
418	479.963	8.095	8.123	0.001588074
419	481.115	8.095	8.123	0.001658593
420	482.261	8.102	8.128	0.001592294
421	483.409	8.102	8.128	0.001687943
422	484.555	8.139	8.142	0.001655132
423	485.702	8.139	8.142	0.001690409
424	486.848	8.148	8.17	0.001764828
425	487.998	8.148	8.17	0.001698766
426	489.144	8.161	8.202	0.001782562
427	490.292	8.161	8.202	0.001773601
428	491.444	8.186	8.22	0.001785893
429	492.597	8.186	8.22	0.001854883
430	493.745	8.216	8.227	0.001786995
431	494.896	8.216	8.227	0.001853165
432	496.044	8.231	8.231	0.001870696
433	497.192	8.231	8.231	0.001857562
434	498.338	8.241	8.256	0.001930606
435	499.488	8.241	8.256	0.001881566
436	500.636	8.255	8.293	0.001934992
437	501.789	8.255	8.293	0.001966322
438	502.936	8.281	8.318	0.001938287
439	504.087	8.281	8.318	0.002000224
440	505.237	8.312	8.309	0.001967353
441	506.388	8.312	8.309	0.002001576
442	507.544	8.338	8.336	0.002041512
443	508.719	8.338	8.336	0.002001197
444	509.869	8.35	8.358	0.002053425
445	511.015	8.35	8.358	0.002053376
446	512.165	8.38	8.391	0.002054848
447	513.339	8.38	8.391	0.002098399
448	514.481	8.398	8.42	0.002064223
449	515.625	8.398	8.42	0.002102844
450	516.768	8.407	8.433	0.002118349
451	517.911	8.407	8.433	0.002107502
452	519.053	8.421	8.439	0.002150615
453	520.2	8.421	8.439	0.002119108
454	521.341	8.447	8.456	0.00215378
455	522.485	8.447	8.456	0.002168656
456	523.634	8.478	8.486	0.002157822
457	524.779	8.478	8.486	0.002195838
458	525.927	8.5	8.519	0.002169546
459	527.07	8.5	8.519	0.002198079
460	528.211	8.511	8.536	0.002216464
461	529.355	8.511	8.536	0.002200246
462	530.497	8.521	8.542	0.002236925
463	531.64	8.521	8.542	0.002212517
464	532.785	8.541	8.552	0.00224029
465	533.931	8.541	8.552	0.002258048
466	535.078	8.573	8.58	0.002242389
467	536.22	8.573	8.58	0.002276314
468	537.362	8.599	8.613	0.00225635
469	538.505	8.599	8.613	0.002279444
470	539.649	8.612	8.602	0.002296891
471	540.806	8.612	8.602	0.002280734
472	541.947	8.621	8.645	0.002312102
473	543.093	8.621	8.645	0.002296097
474	544.236	8.639	8.652	0.002313109
475	545.383	8.639	8.652	0.002332252
476	546.538	8.664	8.672	0.002313631
477	547.677	8.664	8.672	0.002344688
478	548.82	8.695	8.704	0.002333379
479	549.968	8.695	8.704	0.002347036
480	551.118	8.712	8.734	0.002367341
481	552.263	8.712	8.734	0.002347651
482	553.403	8.721	8.748	0.002375283
483	554.545	8.721	8.748	0.002367198
484	555.716	8.736	8.753	0.002375092
485	556.859	8.736	8.753	0.002396916
486	558.004	8.763	8.77	0.002376812
487	559.147	8.763	8.77	0.002401479
488	560.303	8.792	8.799	0.002401184
489	561.463	8.792	8.799	0.002399679
490	562.606	8.812	8.831	0.002422959
491	563.748	8.812	8.831	0.002404929
492	564.891	8.83	8.846	0.002425578
493	566.037	8.83	8.846	0.002430416
494	567.181	8.856	8.879	0.002425342
495	568.327	8.856	8.879	0.00244598
496	569.477	8.871	8.899	0.002431233
497	570.622	8.871	8.899	0.002447865
498	571.767	8.879	8.906	0.002455249
499	572.911	8.879	8.906	0.002446607
500	574.057	8.894	8.913	0.002463724
501	575.203	8.894	8.913	0.002450401
502	576.353	8.916	8.932	0.002464517
503	577.501	8.916	8.932	0.002471927
504	578.646	8.944	8.964	0.0024644
505	579.796	8.944	8.964	0.002481885
506	580.943	8.963	8.99	0.002472673
507	582.093	8.963	8.99	0.002483474
508	583.236	8.973	9.001	0.002492838
509	584.379	8.973	9.001	0.002484032
510	585.532	8.989	9.009	0.002498835
511	586.675	8.989	9.009	0.002493597
512	587.821	9.021	9.032	0.002499843
513	588.966	9.021	9.032	0.002510488
514	590.111	9.048	9.065	0.002501349
515	591.262	9.048	9.065	0.002514602
516	592.407	9.07	9.095	0.002511532
517	593.555	9.07	9.095	0.002515432
518	594.701	9.082	9.11	0.002525129
519	595.845	9.082	9.11	0.0025167
520	596.994	9.094	9.117	0.002527144
521	598.136	9.094	9.117	0.002526858
522	599.285	9.117	9.133	0.002528126
523	600.448	9.117	9.133	0.002536234
524	601.594	9.147	9.163	0.002529418
525	602.74	9.147	9.163	0.002537895
526	603.884	9.175	9.198	0.002539602
527	605.026	9.175	9.198	0.002538286
528	606.172	9.187	9.214	0.00254522
529	607.317	9.187	9.214	0.002539282
530	608.469	9.196	9.221	0.002545303
531	609.616	9.196	9.221	0.0025479
532	610.76	9.216	9.232	0.002545824
533	611.906	9.216	9.232	0.002551195
534	613.048	9.244	9.259	0.002547864
535	614.193	9.244	9.259	0.002551941
536	615.335	9.272	9.292	0.002553945
537	616.48	9.272	9.292	0.002552037
538	617.643	9.286	9.292	0.002556861
539	618.793	9.286	9.292	0.00255436
540	619.937	9.31	9.306	0.002557395
541	621.079	9.31	9.306	0.002559019
542	622.223	9.333	9.331	0.002556682
543	623.365	9.333	9.331	0.00256076
544	624.511	9.343	9.363	0.002558604
545	625.658	9.343	9.363	0.002561117
546	626.803	9.354	9.386	0.002562504
547	627.951	9.354	9.386	0.002560429
548	629.096	9.377	9.413	0.002563582
549	630.242	9.377	9.413	0.002562799
550	631.389	9.406	9.402	0.002563462
551	632.542	9.406	9.402	0.002564825
552	633.688	9.432	9.432	0.00256382
553	634.834	9.432	9.432	0.002565158
554	635.981	9.438	9.445	0.002565739
555	637.124	9.438	9.445	0.002565835
556	638.268	9.444	9.47	0.002567007
557	639.418	9.444	9.47	0.002565396
558	640.564	9.463	9.472	0.002567243
559	641.713	9.463	9.472	0.002567102
560	642.858	9.492	9.517	0.002567126
561	644.003	9.492	9.517	0.002568263
562	645.15	9.522	9.525	0.002567541
563	646.299	9.522	9.525	0.002568798
564	647.45	9.54	9.541	0.00256926
565	648.595	9.54	9.541	0.002568429
566	649.74	9.551	9.57	0.002569885
567	650.887	9.551	9.57	0.002568678
568	652.033	9.567	9.581	0.002569852
569	653.181	9.567	9.581	0.002569875
570	654.323	9.595	9.626	0.002569793
571	655.471	9.595	9.626	0.00257086
572	656.635	9.627	9.636	0.002570444
573	657.781	9.627	9.636	0.002570694
574	658.926	9.65	9.648	0.002570824
575	660.068	9.65	9.648	0.002570398
576	661.213	9.661	9.674	0.002571381
577	662.408	9.661	9.674	0.002570786
578	663.564	9.673	9.707	0.002571002
579	664.708	9.673	9.707	0.002571748
580	665.854	9.697	9.7	0.002571843
581	666.997	9.697	9.7	0.002571393
582	668.141	9.726	9.743	0.002571749
583	669.29	9.726	9.743	0.002572091
584	670.436	9.75	9.747	0.002571997
585	671.584	9.75	9.747	0.002571867
586	672.73	9.761	9.764	0.002572803
587	673.871	9.761	9.764	0.002572707
588	675.018	9.793	9.799	0.002572744
589	676.165	9.793	9.799	0.002572483
590	677.306	9.812	9.833	0.002572637
591	678.45	9.812	9.833	0.002572649
592	679.598	9.819	9.847	0.002573397
593	680.741	9.819	9.847	0.002573539
594	681.885	9.832	9.847	0.002573575
595	683.027	9.832	9.847	0.002572862
596	684.172	9.861	9.864	0.002573407
597	685.32	9.861	9.864	0.002573124
598	686.47	9.895	9.896	0.002573632
599	687.635	9.895	9.896	0.002573728
600	688.777	9.919	9.935	0.002573302
601	689.922	9.919	9.935	0.002573645
602	691.065	9.924	9.954	0.002573835
603	692.21	9.924	9.954	0.002573539
604	693.352	9.931	9.955	0.002573597
605	694.494	9.931	9.955	0.002574106
606	695.636	9.95	9.959	0.002574345
607	696.781	9.95	9.959	0.002573941
608	697.929	9.976	9.977	0.002574047
609	699.076	9.976	9.977	0.002574606
610	700.238	10.002	9.995	0.002574522
611	701.385	10.002	9.995	0.002573562
612	702.53	10.013	10.04	0.002575008
613	703.675	10.013	10.04	0.002574202
614	704.823	10.019	10.047	0.002575447
615	705.971	10.019	10.047	0.002574807
616	707.12	10.04	10.049	0.00257515
617	708.263	10.04	10.049	0.002574854
618	709.408	10.071	10.073	0.002574535
619	710.554	10.071	10.073	0.002574534
620	711.699	10.115	10.114	0.002575341
621	712.843	10.115	10.114	0.002575376
622	713.992	10.129	10.153	0.002575068
623	715.135	10.129	10.153	0.002575306
624	716.28	10.134	10.167	0.002575706
625	717.427	10.134	10.167	0.002575351
626	718.58	10.15	10.167	0.002574487
627	719.723	10.15	10.167	0.002575068
628	720.866	10.182	10.205	0.00257521
629	722.009	10.182	10.205	0.00257508
630	723.152	10.217	10.214	0.00257503
631	724.297	10.217	10.214	0.002575268
632	725.444	10.235	10.253	0.002575803
633	726.588	10.235	10.253	0.002574782
634	727.732	10.233	10.267	0.00257553
635	728.874	10.233	10.267	0.002575933
636	730.017	10.241	10.265	0.002575471
637	731.162	10.241	10.265	0.002575812
638	732.307	10.284	10.316	0.002575458
639	733.452	10.284	10.316	0.002575494
640	734.601	10.289	10.318	0.002576358
641	735.745	10.289	10.318	0.002575932
642	736.889	10.309	10.323	0.002576359
643	738.032	10.309	10.323	0.002575291
644	739.179	10.345	10.351	0.002575849
645	740.324	10.345	10.351	0.002576074
646	741.47	10.38	10.394	0.002576206
647	742.617	10.38	10.394	0.002575886
648	743.76	10.398	10.428	0.002576107
649	744.907	10.398	10.428	0.002576276
650	746.051	10.401	10.434	0.002576501
651	747.194	10.401	10.434	0.002576393
652	748.338	10.417	10.435	0.002576905
653	749.483	10.417	10.435	0.002575826
654	750.625	10.447	10.454	0.00257617
655	751.77	10.447	10.454	0.002576075
656	752.914	10.484	10.493	0.002575991
657	754.062	10.484	10.493	0.002576347
658	755.211	10.504	10.529	0.002576656
659	756.356	10.504	10.529	0.002576406
660	757.502	10.5	10.533	0.002576323
661	758.642	10.5	10.533	0.002576097
662	759.787	10.505	10.528	0.002576502
663	760.935	10.505	10.528	0.002576904
664	762.079	10.531	10.539	0.002576394
665	763.225	10.531	10.539	0.002577319
666	764.369	10.57	10.577	0.002576156
667	765.521	10.57	10.577	0.002576664
668	766.668	10.599	10.619	0.002576797
669	767.81	10.599	10.619	0.002576418
670	768.955	10.607	10.64	0.002576857
671	770.097	10.607	10.64	0.002576784
672	771.241	10.615	10.643	0.002577378
673	772.387	10.615	10.643	0.002576252
674	773.531	10.642	10.653	0.002576595
675	774.68	10.642	10.653	0.002576715
676	775.822	10.678	10.682	0.002577083
677	776.965	10.678	10.682	0.002577143
678	778.105	10.715	10.73	0.002577176
679	779.247	10.715	10.73	0.002576845
680	780.386	10.724	10.755	0.002577295
681	781.526	10.724	10.755	0.002576324
682	782.669	10.725	10.756	0.002576798
683	783.823	10.725	10.756	0.002576692
684	784.988	10.744	10.759	0.002577092
685	786.136	10.744	10.759	0.002576619
686	787.282	10.773	10.778	0.002576679
687	788.426	10.773	10.778	0.002577129
688	789.6	10.776	10.814	0.002576869
689	790.748	10.776	10.814	0.002577341
690	791.896	10.802	10.845	0.002576999
691	793.046	10.802	10.845	0.002577402
692	794.194	10.839	10.853	0.002576916
693	795.341	10.839	10.853	0.002577213
694	796.487	10.867	10.853	0.002577367
695	797.638	10.867	10.853	0.002577344
696	798.788	10.874	10.87	0.002577652
697	799.938	10.874	10.87	0.002576976
698	801.086	10.881	10.909	0.00257753
699	802.236	10.881	10.909	0.002577163
700	803.385	10.906	10.951	0.0025772
701	804.536	10.906	10.951	0.002577579
702	805.683	10.942	10.966	0.002577556
703	806.833	10.942	10.966	0.002577128
704	807.981	10.975	10.966	0.002577012
705	809.132	10.975	10.966	0.002577533
706	810.282	10.986	10.975	0.00257803
707	811.431	10.986	10.975	0.002577496
708	812.59	10.988	11.007	0.002577473
709	813.737	10.988	11.007	0.00257745
710	814.884	11.002	11.045	0.00257739
711	816.028	11.002	11.045	0.002577675
712	817.177	11.033	11.067	0.002577176
713	818.325	11.033	11.067	0.002577449
714	819.481	11.063	11.063	0.0025772
715	820.635	11.063	11.063	0.002577638
716	821.78	11.082	11.066	0.002578219
717	822.93	11.082	11.066	0.002577806
718	824.072	11.083	11.093	0.00257784
719	825.217	11.083	11.093	0.002577994
720	826.365	11.096	11.135	0.00257764
721	827.51	11.096	11.135	0.002577745
722	828.651	11.129	11.168	0.002577982
723	829.797	11.129	11.168	0.002578148
724	830.937	11.141	11.173	0.002577875
725	832.079	11.141	11.173	0.002578601
726	833.227	11.195	11.177	0.002577828
727	834.374	11.195	11.177	0.002578172
728	835.522	11.205	11.205	0.002577568
729	836.672	11.205	11.205	0.002577687
730	837.82	11.212	11.245	0.002578669
731	838.971	11.212	11.245	0.002577414
732	840.117	11.237	11.281	0.002577723
733	841.264	11.237	11.281	0.00257816
734	842.426	11.274	11.292	0.002577935
735	843.59	11.274	11.292	0.002578124
736	844.735	11.273	11.288	0.002578327
737	845.883	11.273	11.288	0.002577828
738	847.025	11.301	11.298	0.002577913
739	848.172	11.301	11.298	0.002578184
740	849.317	11.33	11.323	0.002578279
741	850.467	11.33	11.323	0.002578362
742	851.612	11.349	11.362	0.002578101
743	852.76	11.349	11.362	0.002578113
744	853.906	11.354	11.384	0.002578468
745	855.049	11.354	11.384	0.002578099
746	856.196	11.362	11.383	0.00257855
747	857.342	11.362	11.383	0.002577794
748	858.487	11.39	11.39	0.00257834
749	859.656	11.39	11.39	0.002578208
750	860.801	11.428	11.418	0.002578193
751	861.951	11.428	11.418	0.002578454
752	863.098	11.457	11.461	0.002578539
753	864.244	11.457	11.461	0.002578729
754	865.39	11.467	11.493	0.002578125
755	866.54	11.467	11.493	0.002578551
756	867.687	11.473	11.501	0.002578682
757	868.83	11.473	11.501	0.002578789
758	869.973	11.518	11.503	0.002578753
759	871.121	11.518	11.503	0.002578457
760	872.271	11.527	11.521	0.002578729
761	873.42	11.527	11.521	0.002578906
762	874.568	11.56	11.554	0.00257816
763	875.731	11.56	11.554	0.002578196
764	876.878	11.552	11.594	0.002578718
765	878.025	11.552	11.594	0.002578303
766	879.173	11.575	11.608	0.002578196
767	880.319	11.575	11.608	0.002578172
768	881.466	11.598	11.613	0.00257855
769	882.611	11.598	11.613	0.002578243
770	883.759	11.646	11.634	0.002578729
771	884.908	11.646	11.634	0.002578386
772	886.052	11.697	11.682	0.002578432
773	887.199	11.697	11.682	0.002578658
774	888.343	11.737	11.743	0.002579049
775	889.489	11.737	11.743	0.002577887
776	890.631	11.755	11.784	0.002579322
777	891.777	11.755	11.784	0.002578054
778	892.918	11.749	11.785	0.002578303
779	894.062	11.749	11.785	0.002578871
780	895.204	11.75	11.759	0.002578811
781	896.346	11.75	11.759	0.002578694
782	897.488	11.744	11.776	0.002578715
783	898.632	11.744	11.776	0.002578859
784	899.787	11.747	11.762	0.002578798
785	900.938	11.747	11.762	0.002578704
786	902.088	11.77	11.771	0.002578516
787	903.238	11.77	11.771	0.00257835
788	904.383	11.8	11.806	0.002578729
789	905.538	11.8	11.806	0.002579024
790	906.684	11.803	11.828	0.002578753
791	907.83	11.803	11.828	0.002578574
792	908.982	11.802	11.837	0.002578325
793	910.129	11.802	11.837	0.00257887
794	911.278	11.813	11.835	0.00257895
795	912.424	11.813	11.835	0.002578872
796	913.572	11.853	11.857	0.002578527
797	914.72	11.853	11.857	0.002578564
798	915.872	11.896	11.899	0.002578776
799	917.021	11.896	11.899	0.002579237
800	918.167	11.921	11.942	0.00257893
801	919.316	11.921	11.942	0.002579227
802	920.479	11.928	11.961	0.002578669
803	921.626	11.928	11.961	0.002579084
804	922.775	11.934	11.961	0.00257887
805	923.922	11.934	11.961	0.002578892
806	925.069	11.957	11.965	0.002578776
807	926.214	11.957	11.965	0.002579072
808	927.361	11.981	12.002	0.002578822
809	928.508	11.981	12.002	0.002579321
810	929.652	11.986	11.999	0.002578835
811	930.795	11.986	11.999	0.002578669
812	931.947	11.96	11.991	0.002579344
813	933.098	11.96	11.991	0.002579251
814	934.249	11.933	11.964	0.002578798
815	935.399	11.933	11.964	0.002579274
816	936.554	11.922	11.935	0.002578833
817	937.703	11.922	11.935	0.002579107
818	938.852	11.922	11.922	0.002578716
819	940.003	11.922	11.922	0.002578728
820	941.148	11.929	11.937	0.002578965
821	942.297	11.929	11.937	0.002578941
822	943.446	11.905	11.933	0.002578942
823	944.594	11.905	11.933	0.002579235
824	945.737	11.869	11.903	0.002579033
825	946.88	11.869	11.903	0.002579108
826	948.026	11.843	11.862	0.002579
827	949.166	11.843	11.862	0.002578656
828	950.318	11.832	11.838	0.002579819
829	951.468	11.832	11.838	0.002579249
830	952.62	11.803	11.84	0.002579106
831	953.767	11.803	11.84	0.002578987
832	954.914	11.784	11.833	0.002578716
833	956.063	11.784	11.833	0.002578633
834	957.209	11.779	11.804	0.002578655
835	958.354	11.779	11.804	0.00257849
836	959.499	11.764	11.76	0.002578477
837	960.643	11.764	11.76	0.002578395
838	961.788	11.729	11.729	0.002578537
839	962.929	11.729	11.729	0.002577945
840	964.071	11.696	11.726	0.002578845
841	965.212	11.696	11.726	0.002578347
842	966.365	11.677	11.713	0.002578668
843	967.508	11.677	11.713	0.002578429
844	968.664	11.672	11.705	0.00257823
845	969.817	11.672	11.705	0.002579
846	970.967	11.657	11.657	0.00257842
847	972.116	11.657	11.657	0.002578763
848	973.264	11.627	11.621	0.002577908
849	974.412	11.627	11.621	0.00257863
850	975.564	11.584	11.608	0.00257849
851	976.717	11.584	11.608	0.002578822
852	977.868	11.558	11.607	0.002578005
853	979.017	11.558	11.607	0.002578194
854	980.166	11.55	11.591	0.00257849
855	981.314	11.55	11.591	0.002578266
856	982.462	11.546	11.553	0.002578927
857	983.613	11.546	11.553	0.002578182
858	984.763	11.521	11.514	0.002577945
859	985.91	11.521	11.514	0.002577659
860	987.06	11.489	11.502	0.002579059
861	988.208	11.489	11.502	0.002578628
862	989.355	11.464	11.51	0.002577933
863	990.5	11.464	11.51	0.002578466
864	991.647	11.455	11.502	0.00257798
865	992.793	11.455	11.502	0.00257792
866	993.938	11.453	11.469	0.002577672
867	995.082	11.453	11.469	0.002578597
868	996.235	11.434	11.426	0.002578253
869	997.38	11.434	11.426	0.002577138
870	998.531	11.396	11.403	0.0025776
871	999.683	11.396	11.403	0.002578253
872	1000.825	11.362	11.4	0.002578644
873	1001.968	11.362	11.4	0.002578608
874	1003.113	11.353	11.404	0.002577979
875	1004.256	11.353	11.404	0.002578383
876	1005.401	11.349	11.373	0.002578833
877	1006.548	11.349	11.373	0.002578455
878	1007.687	11.303	11.354	0.00257849
879	1008.83	11.303	11.354	0.00257817
880	1009.973	11.295	11.304	0.002578181
881	1011.113	11.295	11.304	0.002577672
882	1012.261	11.286	11.295	0.002578154
883	1013.413	11.286	11.295	0.002577767
884	1014.575	11.263	11.294	0.002578049
885	1015.735	11.263	11.294	0.002577789
886	1016.878	11.225	11.274	0.002578466
887	1018.024	11.225	11.274	0.002577849
888	1019.176	11.196	11.234	0.002577764
889	1020.323	11.196	11.234	0.00257856
890	1021.471	11.187	11.197	0.002577848
891	1022.618	11.187	11.197	0.002577801
892	1023.764	11.184	11.186	0.002578181
893	1024.906	11.184	11.186	0.002577955
894	1026.056	11.165	11.19	0.002577458
895	1027.202	11.165	11.19	0.002577575
896	1028.353	11.128	11.174	0.002577882
897	1029.5	11.128	11.174	0.002577576
898	1030.646	11.1	11.14	0.002577611
899	1031.791	11.1	11.14	0.002577979
900	1032.937	11.091	11.108	0.002577313
901	1034.08	11.091	11.108	0.002578038
902	1035.226	11.087	11.091	0.002577871
903	1036.372	11.087	11.091	0.0025778
904	1037.518	11.077	11.092	0.00257818
905	1038.684	11.077	11.092	0.002578121
906	1039.838	11.043	11.086	0.00257748
907	1040.988	11.043	11.086	0.002577765
908	1042.14	11.004	11.052	0.002577553
909	1043.292	11.004	11.052	0.002577991
910	1044.443	10.983	11.008	0.002577812
911	1045.738	10.983	11.008	0.002577552
912	1046.886	10.983	10.986	0.002577505
913	1048.132	10.974	10.985	0.002577018
914	1049.283	10.974	10.985	0.002577393
915	1050.477	10.944	10.959	0.002577514
916	1051.631	10.944	10.959	0.002577232
917	1052.779	10.904	10.952	0.00257754
918	1053.931	10.904	10.952	0.002577549
919	1055.081	10.881	10.911	0.002577755
920	1056.231	10.881	10.911	0.002577421
921	1057.38	10.875	10.885	0.002577374
922	1058.529	10.875	10.885	0.002577362
923	1059.677	10.876	10.881	0.002577729
924	1060.824	10.876	10.881	0.002577776
925	1061.975	10.835	10.845	0.002577338
926	1063.124	10.835	10.845	0.00257703
927	1064.273	10.835	10.841	0.002577041
928	1065.425	10.835	10.841	0.002577136
929	1066.595	10.822	10.841	0.002576959
930	1067.743	10.822	10.841	0.002577146
931	1068.895	10.786	10.82	0.002577196
932	1070.043	10.786	10.82	0.002576828
933	1071.194	10.749	10.779	0.002577232
934	1072.342	10.749	10.779	0.002576567
935	1073.491	10.761	10.743	0.002577113
936	1074.638	10.761	10.743	0.002577622
937	1075.787	10.726	10.731	0.002576414
938	1076.94	10.726	10.731	0.002576817
939	1078.087	10.718	10.733	0.002576827
940	1079.233	10.718	10.733	0.002576816
941	1080.381	10.688	10.72	0.002577101
942	1081.549	10.688	10.72	0.002576516
943	1082.694	10.65	10.683	0.002576662
944	1083.848	10.65	10.683	0.002576745
945	1085.001	10.625	10.642	0.002576555
946	1086.156	10.625	10.642	0.0025771
947	1087.307	10.62	10.627	0.002576863
948	1088.461	10.62	10.627	0.002576339
949	1089.617	10.621	10.632	0.002576947
950	1090.77	10.621	10.632	0.002576814
951	1091.926	10.608	10.636	0.002576804
952	1093.079	10.608	10.636	0.002576591
953	1094.24	10.572	10.607	0.002576447
954	1095.393	10.572	10.607	0.002577396
955	1096.545	10.542	10.565	0.002576223
956	1097.694	10.542	10.565	0.002576164
957	1098.844	10.533	10.541	0.002576615
958	1099.997	10.533	10.541	0.002576672
959	1101.151	10.531	10.54	0.00257671
960	1102.3	10.531	10.54	0.002577112
961	1103.457	10.508	10.532	0.002575844
962	1104.609	10.508	10.532	0.002576317
963	1105.762	10.469	10.504	0.002576354
964	1106.917	10.469	10.504	0.002576401
965	1108.069	10.439	10.465	0.002576069
966	1109.226	10.439	10.465	0.002575748
967	1110.383	10.424	10.434	0.002576661
968	1111.534	10.424	10.434	0.002575381
969	1112.681	10.42	10.428	0.002576531
970	1113.832	10.42	10.428	0.002576188
971	1114.98	10.407	10.428	0.002576034
972	1116.132	10.407	10.428	0.002576888
973	1117.28	10.375	10.409	0.002575984
974	1118.427	10.375	10.409	0.002576164
975	1119.576	10.363	10.369	0.002575821
976	1120.723	10.363	10.369	0.002576198
977	1121.869	10.338	10.332	0.002575974
978	1123.015	10.338	10.332	0.002575878
979	1124.16	10.301	10.322	0.002575498
980	1125.307	10.301	10.322	0.002576234
981	1126.461	10.272	10.323	0.002575548
982	1127.608	10.272	10.323	0.002575914
983	1128.754	10.264	10.312	0.002575512
984	1129.903	10.264	10.312	0.002575144
985	1131.05	10.262	10.275	0.002575618
986	1132.195	10.262	10.275	0.002575038
987	1133.343	10.244	10.238	0.002575345
988	1134.492	10.244	10.238	0.002575038
989	1135.64	10.205	10.22	0.002575297
990	1136.789	10.205	10.22	0.002575487
991	1137.938	10.171	10.217	0.002575203
992	1139.088	10.171	10.217	0.002575179
993	1140.237	10.158	10.21	0.002575512
994	1141.386	10.158	10.21	0.002574976
995	1142.548	10.156	10.178	0.002575607
996	1143.695	10.156	10.178	0.002575225
997	1144.845	10.14	10.135	0.002574872
998	1145.993	10.14	10.135	0.00257538
999	1147.139	10.108	10.115	0.00257422
1000	1148.288	10.108	10.115	0.002575002
1001	1149.441	10.074	10.114	0.002574907
1002	1150.592	10.074	10.114	0.002574954
1003	1151.738	10.057	10.11	0.002574185
1004	1152.886	10.057	10.11	0.002574194
1005	1154.035	10.053	10.084	0.002574527
1006	1155.198	10.053	10.084	0.002574954
1007	1156.355	10.046	10.045	0.002574539
1008	1157.504	10.046	10.045	0.002574028
1009	1158.654	10.019	10.02	0.002573829
1010	1159.804	10.019	10.02	0.002574705
1011	1160.962	9.982	10.015	0.002574954
1012	1162.111	9.982	10.015	0.002573851
1013	1163.262	9.961	10.014	0.002573947
1014	1164.411	9.961	10.014	0.002574243
1015	1165.564	9.953	9.993	0.002574515
1016	1166.724	9.953	9.993	0.002574089
1017	1167.877	9.947	9.954	0.002573887
1018	1169.023	9.947	9.954	0.002573424
1019	1170.166	9.924	9.922	0.002573828
1020	1171.309	9.924	9.922	0.00257352
1021	1172.465	9.888	9.913	0.002574219
1022	1173.611	9.888	9.913	0.002572749
1023	1174.759	9.862	9.912	0.002573673
1024	1175.907	9.862	9.912	0.002573236
1025	1177.053	9.853	9.895	0.002573354
1026	1178.197	9.853	9.895	0.002573899
1027	1179.353	9.819	9.859	0.002572902
1028	1180.501	9.819	9.859	0.002573116
1029	1181.649	9.803	9.827	0.002572453
1030	1182.793	9.803	9.827	0.002571967
1031	1183.943	9.79	9.806	0.002572832
1032	1185.105	9.79	9.806	0.002571894
1033	1186.253	9.778	9.802	0.002572346
1034	1187.404	9.778	9.802	0.002572712
1035	1188.551	9.752	9.79	0.002571611
1036	1189.696	9.752	9.79	0.002572073
1037	1190.838	9.721	9.76	0.002571587
1038	1191.984	9.721	9.76	0.002571645
1039	1193.125	9.701	9.728	0.002571824
1040	1194.265	9.701	9.728	0.002571112
1041	1195.41	9.696	9.71	0.002572121
1042	1196.557	9.696	9.71	0.002570971
1043	1197.698	9.687	9.705	0.00257128
1044	1198.84	9.687	9.705	0.00257193
1045	1199.982	9.668	9.702	0.002570235
1046	1201.125	9.668	9.702	0.002571136
1047	1202.268	9.639	9.678	0.002570912
1048	1203.424	9.639	9.678	0.002570166
1049	1204.565	9.614	9.645	0.002571255
1050	1205.71	9.614	9.645	0.002569774
1051	1206.853	9.6	9.621	0.002570459
1052	1207.994	9.6	9.621	0.002569252
1053	1209.14	9.59	9.61	0.002569665
1054	1210.285	9.59	9.61	0.002569216
1055	1211.437	9.572	9.603	0.00256809
1056	1212.588	9.572	9.603	0.0025693
1057	1213.735	9.546	9.584	0.002568506
1058	1214.879	9.546	9.584	0.002567795
1059	1216.023	9.518	9.553	0.002568469
1060	1217.168	9.518	9.553	0.002566406
1061	1218.315	9.5	9.523	0.00256733
1062	1219.464	9.5	9.523	0.002566656
1063	1220.611	9.489	9.508	0.002565967
1064	1221.759	9.489	9.508	0.002566964
1065	1222.905	9.472	9.501	0.002564368
1066	1224.055	9.472	9.501	0.002565564
1067	1225.205	9.444	9.483	0.002565589
1068	1226.355	9.444	9.483	0.002563845
1069	1227.502	9.413	9.451	0.002565043
1070	1228.652	9.413	9.451	0.002562815
1071	1229.799	9.402	9.43	0.002562742
1072	1230.947	9.402	9.43	0.002562981
1073	1232.093	9.37	9.399	0.002560266
1074	1233.248	9.37	9.399	0.002561771
1075	1234.402	9.343	9.365	0.002559139
1076	1235.572	9.343	9.365	0.002558476
1077	1236.715	9.326	9.342	0.002559568
1078	1237.859	9.326	9.342	0.002554695
1079	1239.006	9.316	9.334	0.002557587
1080	1240.15	9.316	9.334	0.002555109
1081	1241.295	9.298	9.325	0.0025537
1082	1242.439	9.298	9.325	0.002555489
1083	1243.584	9.269	9.298	0.002548614
1084	1244.732	9.269	9.298	0.002551695
1085	1245.878	9.239	9.263	0.002550201
1086	1247.023	9.239	9.263	0.002546813
1087	1248.168	9.223	9.239	0.002549966
1088	1249.316	9.223	9.239	0.002541383
1089	1250.479	9.214	9.231	0.002544382
1090	1251.628	9.214	9.231	0.002543764
1091	1252.778	9.2	9.225	0.002537269
1092	1253.922	9.2	9.225	0.002542319
1093	1255.065	9.173	9.203	0.002532823
1094	1256.21	9.173	9.203	0.002535183
1095	1257.351	9.144	9.171	0.002537198
1096	1258.492	9.144	9.171	0.002528391
1097	1259.634	9.132	9.15	0.002534292
1098	1260.778	9.132	9.15	0.00252392
1099	1261.924	9.124	9.141	0.002526778
1100	1263.073	9.124	9.141	0.002528131
1101	1264.218	9.113	9.135	0.002516654
1102	1265.364	9.113	9.135	0.002523222
1103	1266.512	9.087	9.116	0.002511499
1104	1267.66	9.087	9.116	0.002511794
1105	1268.81	9.054	9.082	0.002514866
1106	1269.959	9.054	9.082	0.002499704
1107	1271.11	9.03	9.05	0.00250697
1108	1272.261	9.03	9.05	0.00249846
1109	1273.409	9.02	9.037	0.002496051
1110	1274.553	9.02	9.037	0.002500911
1111	1275.696	9.012	9.033	0.002482753
1112	1276.84	9.012	9.033	0.002491785
1113	1277.989	8.991	9.005	0.002483299
1114	1279.135	8.991	9.005	0.00247634
1115	1280.277	8.958	8.988	0.002483795
1116	1281.426	8.958	8.988	0.002461212
1117	1282.582	8.93	8.953	0.002469772
1118	1283.726	8.93	8.953	0.002464676
1119	1284.872	8.915	8.932	0.002452312
1120	1286.019	8.915	8.932	0.002462008
1121	1287.166	8.882	8.923	0.002435266
1122	1288.316	8.882	8.923	0.002441857
1123	1289.467	8.856	8.905	0.002441241
1124	1290.615	8.856	8.905	0.00242097
1125	1291.764	8.844	8.874	0.002433275
1126	1292.916	8.844	8.874	0.002409246
1127	1294.061	8.832	8.839	0.002414544
1128	1295.209	8.832	8.839	0.002419832
1129	1296.355	8.808	8.819	0.00239354
1130	1297.512	8.808	8.819	0.002408594
1131	1298.659	8.778	8.812	0.002387957
1132	1299.808	8.778	8.812	0.002385976
1133	1300.956	8.756	8.804	0.002395959
1134	1302.101	8.756	8.804	0.002365943
1135	1303.243	8.749	8.785	0.002381817
1136	1304.387	8.749	8.785	0.002362163
1137	1305.532	8.738	8.75	0.002356639
1138	1306.677	8.738	8.75	0.002368327
1139	1307.821	8.716	8.723	0.002332919
1140	1308.965	8.716	8.723	0.002350284
1141	1310.106	8.686	8.714	0.002331425
1142	1311.25	8.686	8.714	0.002324346
1143	1312.396	8.66	8.708	0.002337708
1144	1313.557	8.66	8.708	0.002297785
1145	1314.703	8.648	8.689	0.002314579
1146	1315.847	8.648	8.689	0.002302547
1147	1316.991	8.627	8.656	0.002285136
1148	1318.14	8.627	8.656	0.002305181
1149	1319.281	8.624	8.629	0.002264071
1150	1320.433	8.624	8.629	0.002280324
1151	1321.582	8.597	8.618	0.002274325
1152	1322.73	8.597	8.618	0.002248711
1153	1323.876	8.568	8.615	0.002267485
1154	1325.022	8.568	8.615	0.00222531
1155	1326.168	8.551	8.597	0.00223676
1156	1327.314	8.551	8.597	0.002236581
1157	1328.461	8.541	8.565	0.002202172
1158	1329.612	8.541	8.565	0.002222394
1159	1330.76	8.525	8.531	0.002181164
1160	1331.907	8.525	8.531	0.002187448
1161	1333.055	8.497	8.512	0.002198793
1162	1334.204	8.497	8.512	0.002155964
1163	1335.354	8.472	8.512	0.002179305
1164	1336.5	8.472	8.512	0.00214411
1165	1337.645	8.453	8.501	0.002142581
1166	1338.791	8.453	8.501	0.002154861
1167	1339.936	8.442	8.472	0.002102646
1168	1341.085	8.442	8.472	0.0021264
1169	1342.232	8.429	8.437	0.00209386
1170	1343.378	8.429	8.437	0.002081214
1171	1344.528	8.389	8.412	0.002101636
1172	1345.684	8.389	8.412	0.00203733
1173	1346.83	8.379	8.402	0.002064013
1174	1347.973	8.379	8.402	0.002047714
1175	1349.117	8.362	8.395	0.002021398
1176	1350.262	8.362	8.395	0.002050107
1177	1351.41	8.334	8.375	0.001979021
1178	1352.56	8.334	8.375	0.002007103
1179	1353.707	8.306	8.34	0.00199315
1180	1354.851	8.306	8.34	0.001950819
1181	1355.994	8.289	8.312	0.001983739
1182	1357.142	8.289	8.312	0.001902385
1183	1358.29	8.278	8.302	0.001930871
1184	1359.441	8.278	8.302	0.001932814
1185	1360.589	8.267	8.297	0.001876568
1186	1361.734	8.267	8.297	0.001924493
1187	1362.879	8.248	8.286	0.001851034
1188	1364.022	8.248	8.286	0.001875382
1189	1365.17	8.223	8.261	0.001879851
1190	1366.317	8.223	8.261	0.001800726
1191	1367.474	8.202	8.23	0.001850951
1192	1368.625	8.202	8.23	0.001773936
1193	1369.772	8.193	8.246	0.001774872
1194	1370.931	8.193	8.246	0.001808456
1195	1372.076	8.186	8.212	0.001702434
1196	1373.218	8.186	8.212	0.001755728
1197	1374.361	8.164	8.203	0.001687771
1198	1375.505	8.164	8.203	0.001667501
1199	1376.645	8.13	8.172	0.001700371
1200	1377.789	8.13	8.172	0.001573142
1201	1378.934	8.101	8.134	0.001627101
1202	1380.082	8.101	8.134	0.001553003
1203	1381.23	8.084	8.11	0.001522077
1204	1382.376	8.084	8.11	0.001563197
1205	1383.528	8.072	8.1	0.001419778
1206	1384.675	8.072	8.1	0.00147024
1207	1385.823	8.049	8.088	0.001423913
1208	1386.969	8.049	8.088	0.001358089
1209	1388.115	8.015	8.058	0.001416684
1210	1389.264	8.015	8.058	0.001269576
1211	1390.412	7.986	8.022	0.001312321
1212	1391.565	7.986	8.022	0.001297137
1213	1392.729	7.969	7.995	0.001185449
1214	1393.877	7.969	7.995	0.001254556
1215	1395.025	7.958	7.982	0.001122659
1216	1396.173	7.958	7.982	0.001138033
1217	1397.321	7.916	7.939	0.001169055
1218	1398.469	7.916	7.939	0.001025326
1219	1399.621	7.905	7.926	0.001097991
1220	1400.769	7.905	7.926	0.0009969955
1221	1401.919	7.894	7.92	0.0009824269
1222	1403.067	7.894	7.92	0.001028906
1223	1404.219	7.87	7.902	0.000873857
1224	1405.367	7.87	7.902	0.0009403217
1225	1406.513	7.839	7.87	0.0008742006
1226	1407.656	7.839	7.87	0.0008297487
1227	1408.804	7.814	7.838	0.0008867425
1228	1409.95	7.814	7.838	0.0007425746
1229	1411.095	7.805	7.826	0.0008044405
1230	1412.247	7.805	7.826	0.0007631643
1231	1413.396	7.796	7.821	0.0006980749
1232	1414.547	7.796	7.821	0.0007545708
1233	1415.696	7.777	7.808	0.000616947
1234	1416.842	7.777	7.808	0.0006573215
1235	1417.987	7.746	7.778	0.0006471273
1236	1419.149	7.746	7.778	0.0005533864
1237	1420.297	7.718	7.744	0.0006089576
1238	1421.448	7.718	7.744	0.0005036711
1239	1422.588	7.701	7.723	0.0005129647
1240	1423.73	7.701	7.723	0.0005323459
1241	1424.875	7.691	7.715	0.0004315046
1242	1426.018	7.691	7.715	0.0004810302
1243	1427.16	7.674	7.704	0.0003900871
1244	1428.303	7.674	7.704	0.00040187
1245	1429.452	7.647	7.679	0.0004281857
1246	1430.597	7.647	7.679	0.0003399806
1247	1431.736	7.622	7.651	0.0003853336
1248	1432.882	7.622	7.651	0.0003128233
1249	1434.023	7.604	7.627	0.0003145417
1250	1435.17	7.604	7.627	0.0003315406
1251	1436.313	7.594	7.617	0.0002515978
1252	1437.46	7.594	7.617	0.0002860453
1253	1438.604	7.58	7.608	0.0002346705
1254	1439.754	7.58	7.608	0.0002328093
1255	1440.9	7.556	7.588	0.0002498908
1256	1442.042	7.556	7.588	0.0001805218
1257	1443.185	7.519	7.549	0.0002079991
1258	1444.327	7.519	7.549	0.0001719751
1259	1445.473	7.498	7.522	0.0001638908
1260	1446.623	7.498	7.522	0.0001818731
1261	1447.766	7.487	7.511	0.0001316362
1262	1448.907	7.487	7.511	0.0001508277
1263	1450.052	7.477	7.504	0.0001282461
1264	1451.196	7.477	7.504	0.0001203276
1265	1452.341	7.44	7.486	0.0001346708
1266	1453.487	7.44	7.486	9.768666e-05
1267	1454.632	7.431	7.455	0.0001105956
1268	1455.78	7.431	7.455	9.776967e-05
1269	1456.927	7.416	7.425	8.720777e-05
1270	1458.073	7.416	7.425	9.762721e-05
1271	1459.218	7.386	7.411	7.161995e-05
1272	1460.366	7.386	7.411	7.919454e-05
1273	1461.514	7.355	7.403	7.421587e-05
1274	1462.663	7.355	7.403	6.376072e-05
1275	1463.813	7.337	7.388	6.999588e-05
1276	1464.958	7.337	7.388	5.303299e-05
1277	1466.102	7.321	7.351	5.652988e-05
1278	1467.247	7.321	7.351	5.585421e-05
1279	1468.397	7.307	7.318	4.736681e-05
1280	1469.537	7.307	7.318	5.26417e-05
1281	1470.68	7.281	7.301	4.115533e-05
1282	1471.82	7.281	7.301	4.501968e-05
1283	1472.965	7.251	7.293	4.378688e-05
1284	1474.11	7.251	7.293	3.812067e-05
1285	1475.254	7.251	7.282	4.194954e-05
1286	1476.403	7.251	7.282	3.448151e-05
1287	1477.548	7.223	7.258	3.652042e-05
1288	1478.69	7.223	7.258	3.637817e-05
1289	1479.839	7.213	7.229	3.228864e-05
1290	1480.98	7.213	7.229	3.456451e-05
1291	1482.126	7.191	7.208	2.992966e-05
1292	1483.271	7.191	7.208	3.054611e-05
1293	1484.422	7.162	7.198	3.104388e-05
1294	1485.584	7.162	7.198	2.73929e-05
1295	1486.733	7.138	7.187	2.861389e-05
1296	1487.877	7.138	7.187	2.650392e-05
1297	1489.022	7.131	7.163	2.580453e-05
1298	1490.165	7.131	7.163	2.736923e-05
1299	1491.307	7.115	7.136	2.425162e-05
1300	1492.451	7.115	7.136	2.480881e-05
1301	1493.596	7.098	7.114	2.403825e-05
1302	1494.743	7.098	7.114	2.362338e-05
1303	1495.887	7.069	7.101	2.284106e-05
1304	1497.033	7.069	7.101	2.152527e-05
1305	1498.178	7.042	7.089	2.226022e-05
1306	1499.332	7.042	7.089	2.189274e-05
1307	1500.479	7.024	7.068	2.075476e-05
1308	1501.623	7.024	7.068	2.096812e-05
1309	1502.773	7.01	7.037	1.946272e-05
1310	1503.922	7.01	7.037	2.00198e-05
1311	1505.067	6.995	7.011	1.943899e-05
1312	1506.218	6.995	7.011	1.915448e-05
1313	1507.364	6.965	6.997	2.012651e-05
1314	1508.515	6.965	6.997	1.813506e-05
1315	1509.66	6.951	6.986	1.869217e-05
1316	1510.804	6.951	6.986	1.847883e-05
1317	1511.949	6.928	6.969	1.757786e-05
1318	1513.101	6.928	6.969	1.890556e-05
1319	1514.247	6.899	6.941	1.74831e-05
1320	1515.395	6.899	6.941	1.811136e-05
1321	1516.54	6.875	6.911	1.731714e-05
1322	1517.687	6.875	6.911	1.711563e-05
1323	1518.835	6.859	6.891	1.726974e-05
1324	1519.98	6.859	6.891	1.726973e-05
1325	1521.128	6.846	6.879	1.671259e-05
1326	1522.272	6.846	6.879	1.687853e-05
1327	1523.418	6.826	6.866	1.630959e-05
1328	1524.566	6.826	6.866	1.648738e-05
1329	1525.711	6.798	6.84	1.679558e-05
1330	1526.856	6.798	6.84	1.64162e-05
1331	1527.998	6.771	6.827	1.602505e-05
1332	1529.14	6.771	6.827	1.579982e-05
1333	1530.286	6.755	6.787	1.536124e-05
1334	1531.425	6.755	6.787	1.596581e-05
1335	1532.572	6.742	6.775	1.585907e-05
1336	1533.717	6.742	6.775	1.606061e-05
1337	1534.861	6.724	6.763	1.518344e-05
1338	1536.012	6.724	6.763	1.549166e-05
1339	1537.155	6.7	6.742	1.574054e-05
1340	1538.299	6.7	6.742	1.589466e-05
1341	1539.447	6.673	6.713	1.538495e-05
1342	1540.619	6.673	6.713	1.50412e-05
1343	1541.761	6.654	6.688	1.511231e-05
1344	1542.906	6.654	6.688	1.491084e-05
1345	1544.049	6.64	6.674	1.49819e-05
1346	1545.196	6.64	6.674	1.558649e-05
1347	1546.34	6.625	6.663	1.572871e-05
1348	1547.482	6.625	6.663	1.57406e-05
1349	1548.624	6.6	6.643	1.582357e-05
1350	1549.793	6.6	6.643	1.45552e-05
1351	1550.938	6.572	6.614	1.507677e-05
1352	1552.084	6.572	6.614	1.544422e-05
1353	1553.228	6.549	6.585	1.440109e-05
1354	1554.371	6.549	6.585	1.50886e-05
1355	1555.517	6.535	6.569	1.482785e-05
1356	1556.661	6.535	6.569	1.465005e-05
1357	1557.807	6.521	6.558	1.532566e-05
1358	1558.958	6.521	6.558	1.463821e-05
1359	1560.103	6.499	6.542	1.500564e-05
1360	1561.248	6.499	6.542	1.416403e-05
1361	1562.393	6.47	6.514	1.47686e-05
1362	1563.546	6.47	6.514	1.474485e-05
1363	1564.694	6.457	6.491	1.459074e-05
1364	1565.837	6.457	6.491	1.468557e-05
1365	1566.983	6.433	6.468	1.408102e-05
1366	1568.127	6.433	6.468	1.456706e-05
1367	1569.279	6.407	6.439	1.415216e-05
1368	1570.426	6.407	6.439	1.480416e-05
1369	1571.577	6.388	6.418	1.446039e-05
1370	1572.72	6.388	6.418	1.406919e-05
1371	1573.864	6.376	6.407	1.405735e-05
1372	1575.008	6.376	6.407	1.435368e-05
1373	1576.154	6.361	6.391	1.463819e-05
1374	1577.3	6.361	6.391	1.47093e-05
1375	1578.446	6.337	6.372	1.442475e-05
1376	1579.592	6.337	6.372	1.454334e-05
1377	1580.735	6.31	6.343	1.473297e-05
1378	1581.877	6.31	6.343	1.451964e-05
1379	1583.02	6.287	6.318	1.441298e-05
1380	1584.164	6.287	6.318	1.437745e-05
1381	1585.313	6.273	6.304	1.451965e-05
1382	1586.456	6.273	6.304	1.41759e-05
1383	1587.597	6.259	6.293	1.42233e-05
1384	1588.74	6.259	6.293	1.453152e-05
1385	1589.884	6.238	6.274	1.400993e-05
1386	1591.027	6.238	6.274	1.438924e-05
1387	1592.172	6.21	6.253	1.380841e-05
1388	1593.322	6.21	6.253	1.446038e-05
1389	1594.471	6.203	6.218	1.432998e-05
1390	1595.614	6.203	6.218	1.419958e-05
1391	1596.756	6.172	6.204	1.423515e-05
1392	1597.899	6.172	6.204	1.444853e-05
1393	1599.045	6.16	6.194	1.513604e-05
1394	1600.187	6.16	6.194	1.421144e-05
1395	1601.33	6.141	6.177	1.421144e-05
1396	1602.475	6.141	6.177	1.475676e-05
1397	1603.621	6.114	6.15	1.427074e-05
1398	1604.768	6.114	6.15	1.412851e-05
1399	1605.911	6.088	6.122	1.422325e-05
1400	1607.055	6.088	6.122	1.399807e-05
1401	1608.2	6.076	6.108	1.472118e-05
1402	1609.344	6.076	6.108	1.436554e-05
1403	1610.488	6.065	6.11	1.390322e-05
1404	1611.633	6.065	6.11	1.391514e-05
1405	1612.779	6.05	6.086	1.459077e-05
1406	1613.921	6.05	6.086	1.422328e-05
1407	1615.066	6.014	6.059	1.371358e-05
1408	1616.214	6.014	6.059	1.400989e-05
1409	1617.36	5.999	6.027	1.412848e-05
1410	1618.504	5.999	6.027	1.396254e-05
1411	1619.667	5.981	6.006	1.462633e-05
1412	1620.815	5.981	6.006	1.448405e-05
1413	1621.959	5.952	5.992	1.46145e-05
1414	1623.103	5.952	5.992	1.386768e-05
1415	1624.246	5.926	5.979	1.39625e-05
1416	1625.395	5.926	5.979	1.442483e-05
1417	1626.543	5.909	5.958	1.447224e-05
1418	1627.688	5.909	5.958	1.429439e-05
1419	1628.833	5.896	5.929	1.429443e-05
1420	1629.98	5.896	5.929	1.405736e-05
1421	1631.127	5.878	5.928	1.379659e-05
1422	1632.271	5.878	5.928	1.451966e-05
1423	1633.414	5.853	5.888	1.404549e-05
1424	1634.56	5.853	5.888	1.406917e-05
1425	1635.704	5.828	5.878	1.453151e-05
1426	1636.849	5.828	5.878	1.40929e-05
1427	1637.992	5.809	5.861	1.447224e-05
1428	1639.134	5.809	5.861	1.389138e-05
1429	1640.281	5.798	5.836	1.438925e-05
1430	1641.426	5.798	5.836	1.395067e-05
1431	1642.576	5.782	5.807	1.404547e-05
1432	1643.721	5.782	5.807	1.371357e-05
1433	1644.867	5.757	5.788	1.389137e-05
1434	1646.015	5.757	5.788	1.454337e-05
1435	1647.161	5.73	5.775	1.434183e-05
1436	1648.313	5.73	5.775	1.404543e-05
1437	1649.456	5.712	5.765	1.444851e-05
1438	1650.597	5.712	5.765	1.380841e-05
1439	1651.739	5.696	5.74	1.346463e-05
1440	1652.883	5.696	5.74	1.37847e-05
1441	1654.025	5.681	5.728	1.368985e-05
1442	1655.168	5.681	5.728	1.46263e-05
1443	1656.313	5.663	5.69	1.429441e-05
1444	1657.464	5.663	5.69	1.427071e-05
1445	1658.612	5.638	5.68	1.38321e-05
1446	1659.755	5.638	5.68	1.446036e-05
1447	1660.897	5.612	5.667	1.403358e-05
1448	1662.043	5.612	5.667	1.41403e-05
1449	1663.187	5.594	5.642	1.461447e-05
1450	1664.329	5.594	5.642	1.316828e-05
1451	1665.47	5.582	5.615	1.416403e-05
1452	1666.611	5.582	5.615	1.396251e-05
1453	1667.756	5.548	5.59	1.442483e-05
1454	1668.898	5.548	5.59	1.39743e-05
1455	1670.051	5.533	5.575	1.404546e-05
1456	1671.195	5.533	5.575	1.457887e-05
1457	1672.337	5.516	5.561	1.36424e-05
1458	1673.476	5.516	5.561	1.425885e-05
1459	1674.62	5.491	5.539	1.397434e-05
1460	1675.765	5.491	5.539	1.47567e-05
1461	1676.91	5.463	5.511	1.44722e-05
1462	1678.055	5.463	5.511	1.384395e-05
1463	1679.198	5.439	5.507	1.39269e-05
1464	1680.343	5.439	5.507	1.399806e-05
1465	1681.488	5.424	5.467	1.427071e-05
1466	1682.629	5.424	5.467	1.411659e-05
1467	1683.77	5.41	5.454	1.400992e-05
1468	1684.913	5.41	5.454	1.399807e-05
1469	1686.054	5.388	5.437	1.395064e-05
1470	1687.2	5.388	5.437	1.427067e-05
1471	1688.345	5.357	5.406	1.364241e-05
1472	1689.491	5.357	5.406	1.400991e-05
1473	1690.636	5.331	5.377	1.455515e-05
1474	1691.786	5.331	5.377	1.424699e-05
1475	1692.94	5.316	5.358	1.354757e-05
1476	1694.091	5.316	5.358	1.460261e-05
1477	1695.241	5.302	5.345	1.411662e-05
1478	1696.391	5.302	5.345	1.360688e-05
1479	1697.542	5.288	5.333	1.441294e-05
1480	1698.689	5.288	5.333	1.397433e-05
1481	1699.837	5.265	5.314	1.425881e-05
1482	1700.984	5.265	5.314	1.456706e-05
1483	1702.138	5.24	5.287	1.379653e-05
1484	1703.287	5.24	5.287	1.400986e-05
1485	1704.449	5.222	5.265	1.403357e-05
1486	1705.599	5.222	5.265	1.379653e-05
1487	1706.744	5.208	5.267	1.465001e-05
1488	1707.889	5.208	5.267	1.441296e-05
1489	1709.036	5.192	5.239	1.454333e-05
1490	1710.182	5.192	5.239	1.432995e-05
1491	1711.328	5.169	5.219	1.454334e-05
1492	1712.476	5.169	5.219	1.448405e-05
1493	1713.622	5.142	5.201	1.405731e-05
1494	1714.766	5.142	5.201	1.448406e-05
1495	1715.914	5.12	5.188	1.373725e-05
1496	1717.061	5.12	5.188	1.414029e-05
1497	1718.276	5.105	5.149	1.419954e-05
1498	1719.427	5.105	5.149	1.441294e-05
1499	1720.577	5.091	5.142	1.431808e-05
1500	1721.728	5.091	5.142	1.404541e-05
1501	1722.883	5.061	5.101	1.430623e-05
1502	1724.031	5.061	5.101	1.424692e-05
1503	1725.18	5.048	5.088	1.44011e-05
1504	1726.33	5.048	5.088	1.466186e-05
1505	1727.477	5.027	5.07	1.399806e-05
1506	1728.621	5.027	5.07	1.32631e-05
1507	1729.767	5.002	5.045	1.43418e-05
1508	1730.915	5.002	5.045	1.410473e-05
1509	1732.073	4.976	5.018	1.389135e-05
1510	1733.221	4.976	5.018	1.429435e-05
1511	1734.369	4.97	4.998	1.404545e-05
1512	1735.522	4.97	4.998	1.397423e-05
1513	1736.667	4.946	4.989	1.419953e-05
1514	1737.811	4.946	4.989	1.396245e-05
1515	1738.963	4.932	4.977	1.422325e-05
1516	1740.111	4.932	4.977	1.453145e-05
1517	1741.257	4.909	4.954	1.473291e-05
1518	1742.4	4.909	4.954	1.44484e-05
1519	1743.545	4.881	4.926	1.460253e-05
1520	1744.691	4.881	4.926	1.427066e-05
1521	1745.837	4.858	4.902	1.348827e-05
1522	1746.99	4.858	4.902	1.444848e-05
1523	1748.137	4.843	4.887	1.419953e-05
1524	1749.28	4.843	4.887	1.464997e-05
1525	1750.429	4.833	4.878	1.453142e-05
1526	1751.575	4.833	4.878	1.476853e-05
1527	1752.72	4.813	4.859	1.446029e-05
1528	1753.867	4.813	4.859	1.393876e-05
1529	1755.017	4.786	4.832	1.425881e-05
1530	1756.165	4.786	4.832	1.449589e-05
1531	1757.311	4.76	4.805	1.453144e-05
1532	1758.462	4.76	4.805	1.405732e-05
1533	1759.603	4.742	4.787	1.412837e-05
1534	1760.751	4.742	4.787	1.429432e-05
1535	1761.898	4.727	4.774	1.442472e-05
1536	1763.042	4.727	4.774	1.473291e-05
1537	1764.186	4.699	4.755	1.436549e-05
1538	1765.329	4.699	4.755	1.346456e-05
1539	1766.47	4.682	4.73	1.421139e-05
1540	1767.618	4.682	4.73	1.417586e-05
1541	1768.762	4.655	4.703	1.45196e-05
1542	1769.907	4.655	4.703	1.422327e-05
1543	1771.056	4.642	4.689	1.422327e-05
1544	1772.202	4.642	4.689	1.455515e-05
1545	1773.346	4.622	4.678	1.440107e-05
1546	1774.496	4.622	4.678	1.393877e-05
1547	1775.645	4.597	4.663	1.406913e-05
1548	1776.792	4.597	4.663	1.429435e-05
1549	1777.941	4.575	4.634	1.34646e-05
1550	1779.087	4.575	4.634	1.43892e-05
1551	1780.233	4.563	4.607	1.342902e-05
1552	1781.378	4.563	4.607	1.405727e-05
1553	1782.525	4.544	4.585	1.441288e-05
1554	1783.667	4.544	4.585	1.390319e-05
1555	1784.809	4.518	4.572	1.461442e-05
1556	1785.957	4.518	4.572	1.40217e-05
1557	1787.107	4.495	4.561	1.442478e-05
1558	1788.254	4.495	4.561	1.408098e-05
1559	1789.4	4.477	4.54	1.466183e-05
1560	1790.557	4.477	4.54	1.430619e-05
1561	1791.703	4.463	4.513	1.405727e-05
1562	1792.851	4.463	4.513	1.393876e-05
1563	1794.01	4.446	4.488	1.438914e-05
1564	1795.157	4.446	4.488	1.410467e-05
1565	1796.307	4.423	4.473	1.431803e-05
1566	1797.464	4.423	4.473	1.354756e-05
1567	1798.611	4.399	4.463	1.435362e-05
1568	1799.755	4.399	4.463	1.416392e-05
1569	1800.896	4.379	4.444	1.410465e-05
1570	1802.043	4.379	4.444	1.421137e-05
1571	1803.19	4.367	4.42	1.427064e-05
1572	1804.337	4.367	4.42	1.422322e-05
1573	1805.481	4.349	4.391	1.464997e-05
1574	1806.623	4.349	4.391	1.428248e-05
1575	1807.77	4.326	4.373	1.455512e-05
1576	1808.911	4.326	4.373	1.406913e-05
1577	1810.053	4.3	4.358	1.372534e-05
1578	1811.194	4.3	4.358	1.462624e-05
1579	1812.34	4.282	4.348	1.438917e-05
1580	1813.484	4.282	4.348	1.383203e-05
1581	1814.628	4.264	4.322	1.425877e-05
1582	1815.773	4.264	4.322	1.409278e-05
1583	1816.915	4.249	4.294	1.438917e-05
1584	1818.055	4.249	4.294	1.391499e-05
1585	1819.197	4.231	4.275	1.431802e-05
1586	1820.339	4.231	4.275	1.436545e-05
1587	1821.482	4.207	4.264	1.448399e-05
1588	1822.629	4.207	4.264	1.41284e-05
1589	1823.776	4.181	4.248	1.421135e-05
1590	1824.919	4.181	4.248	1.501742e-05
1591	1826.065	4.162	4.223	1.430618e-05
1592	1827.21	4.162	4.223	1.479219e-05
1593	1828.356	4.138	4.198	1.39861e-05
1594	1829.508	4.138	4.198	1.446025e-05
1595	1830.675	4.115	4.173	1.403353e-05
1596	1831.822	4.115	4.173	1.443651e-05
1597	1832.98	4.098	4.155	1.402167e-05
1598	1834.126	4.098	4.155	1.435357e-05
1599	1835.272	4.081	4.14	1.451951e-05
1600	1836.421	4.081	4.14	1.450763e-05
1601	1837.584	4.06	4.122	1.396242e-05
1602	1838.729	4.06	4.122	1.377273e-05
1603	1839.876	4.037	4.099	1.399798e-05
1604	1841.021	4.037	4.099	1.368975e-05
1605	1842.174	4.014	4.073	1.432985e-05
1606	1843.317	4.014	4.073	1.39031e-05
1607	1844.465	3.997	4.055	1.427059e-05
1608	1845.615	3.997	4.055	1.377271e-05
1609	1846.762	3.982	4.041	1.434173e-05
1610	1847.911	3.982	4.041	1.449582e-05
1611	1849.06	3.965	4.026	1.456695e-05
1612	1850.208	3.965	4.026	1.390313e-05
1613	1851.359	3.94	4.003	1.441285e-05
1614	1852.502	3.94	4.003	1.391499e-05
1615	1853.648	3.915	3.975	1.410468e-05
1616	1854.795	3.915	3.975	1.473291e-05
1617	1855.942	3.896	3.954	1.395052e-05
1618	1857.09	3.896	3.954	1.392685e-05
1619	1858.25	3.881	3.939	1.397426e-05
1620	1859.395	3.881	3.939	1.404539e-05
1621	1860.537	3.867	3.927	1.412832e-05
1622	1861.683	3.867	3.927	1.432987e-05
1623	1862.827	3.843	3.907	1.447212e-05
1624	1863.972	3.843	3.907	1.450768e-05
1625	1865.12	3.816	3.879	1.41165e-05
1626	1866.269	3.816	3.879	1.387944e-05
1627	1867.418	3.795	3.855	1.411651e-05
1628	1868.571	3.795	3.855	1.418762e-05
1629	1869.719	3.778	3.839	1.462622e-05
1630	1870.863	3.778	3.839	1.415206e-05
1631	1872.015	3.761	3.824	1.459066e-05
1632	1873.16	3.761	3.824	1.365418e-05
1633	1874.304	3.737	3.804	1.41995e-05
1634	1875.446	3.737	3.804	1.410466e-05
1635	1876.607	3.711	3.777	1.422317e-05
1636	1877.75	3.711	3.777	1.39387e-05
1637	1878.894	3.687	3.752	1.414021e-05
1638	1880.043	3.687	3.752	1.422312e-05
1639	1881.187	3.672	3.731	1.414017e-05
1640	1882.333	3.672	3.731	1.434173e-05
1641	1883.475	3.652	3.712	1.427059e-05
1642	1884.619	3.652	3.712	1.443655e-05
1643	1885.762	3.639	3.699	1.416393e-05
1644	1886.905	3.639	3.699	1.410462e-05
1645	1888.045	3.624	3.685	1.417578e-05
1646	1889.186	3.624	3.685	1.45551e-05
1647	1890.328	3.613	3.674	1.392678e-05
1648	1891.47	3.613	3.674	1.390315e-05
1649	1892.611	3.59	3.653	1.423503e-05
1650	1893.755	3.59	3.653	1.404541e-05
1651	1894.896	3.566	3.627	1.435357e-05
1652	1896.046	3.566	3.627	1.448398e-05
1653	1897.188	3.542	3.603	1.391499e-05
1654	1898.328	3.542	3.603	1.46855e-05
1655	1899.47	3.525	3.586	1.395054e-05
1656	1900.61	3.525	3.586	1.400981e-05
1657	1901.754	3.501	3.569	1.411651e-05
1658	1902.907	3.501	3.569	1.399793e-05
1659	1904.056	3.487	3.55	1.469736e-05
1660	1905.204	3.487	3.55	1.441287e-05
1661	1906.353	3.459	3.522	1.457881e-05
1662	1907.501	3.459	3.522	1.430612e-05
1663	1908.645	3.434	3.516	1.429431e-05
1664	1909.794	3.434	3.516	1.437728e-05
1665	1910.944	3.418	3.482	1.352382e-05
1666	1912.093	3.418	3.482	1.422317e-05
1667	1913.242	3.401	3.466	1.431796e-05
1668	1914.391	3.401	3.466	1.387941e-05
1669	1915.546	3.381	3.447	1.416387e-05
1670	1916.697	3.381	3.447	1.395054e-05
1671	1917.844	3.356	3.423	1.42706e-05
1672	1918.992	3.356	3.423	1.397426e-05
1673	1920.139	3.33	3.397	1.450768e-05
1674	1921.287	3.33	3.397	1.414021e-05
1675	1922.434	3.321	3.377	1.405719e-05
1676	1923.579	3.321	3.377	1.34408e-05
1677	1924.731	3.299	3.366	1.453138e-05
1678	1925.881	3.299	3.366	1.409274e-05
1679	1927.028	3.282	3.352	1.460244e-05
1680	1928.177	3.282	3.352	1.437728e-05
1681	1929.326	3.251	3.327	1.424687e-05
1682	1930.474	3.251	3.327	1.429424e-05
1683	1931.619	3.238	3.301	1.402164e-05
1684	1932.766	3.238	3.301	1.454324e-05
1685	1933.915	3.224	3.285	1.382016e-05
1686	1935.064	3.224	3.285	1.397424e-05
1687	1936.212	3.208	3.278	1.444841e-05
1688	1937.362	3.208	3.278	1.368973e-05
1689	1938.508	3.194	3.274	1.406904e-05
1690	1939.667	3.194	3.274	1.40098e-05
1691	1940.812	3.188	3.264	1.431794e-05
1692	1941.962	3.188	3.264	1.402158e-05
1693	1943.109	3.185	3.255	1.398609e-05
1694	1944.256	3.185	3.255	1.42113e-05
1695	1945.403	3.181	3.252	1.483957e-05
1696	1946.55	3.181	3.252	1.427057e-05
1697	1947.695	3.171	3.237	1.41046e-05
1698	1948.841	3.171	3.237	1.38557e-05
1699	1949.991	3.161	3.236	1.43417e-05
1700	1951.141	3.161	3.236	1.380826e-05
1701	1952.293	3.156	3.234	1.414017e-05
