# 4pts measurement, sourcing 100 µA
# index	time	T_plat(K)	T_samp(K)	V(V)
0	0.109	3.125	3.188	1.47738e-05
1	1.256	3.125	3.188	1.41336e-05
2	2.401	3.125	3.188	1.412176e-05
3	3.544	3.304	3.184	1.450111e-05
4	4.721	3.304	3.184	1.479745e-05
5	5.869	3.504	3.495	1.485676e-05
6	7.015	3.504	3.495	1.402691e-05
7	8.159	3.657	3.647	1.437066e-05
8	9.298	3.657	3.647	1.409802e-05
9	10.441	3.803	3.802	1.438251e-05
10	11.586	3.803	3.802	1.420469e-05
11	12.729	3.914	3.921	1.45603e-05
12	13.879	3.914	3.921	1.445366e-05
13	15.028	3.997	4.01	1.470259e-05
14	16.165	3.997	4.01	1.512936e-05
15	17.304	4.064	4.079	1.435874e-05
16	18.444	4.064	4.079	1.482113e-05
17	19.583	4.118	4.139	1.440616e-05
18	20.729	4.118	4.139	1.467884e-05
19	21.872	4.164	4.188	1.440618e-05
20	23.014	4.164	4.188	1.38371e-05
21	24.158	4.193	4.223	1.450098e-05
22	25.299	4.193	4.223	1.508187e-05
23	26.442	4.209	4.241	1.47855e-05
24	27.586	4.209	4.241	1.490405e-05
25	28.733	4.223	4.254	1.504631e-05
26	29.88	4.223	4.254	1.472616e-05
27	31.021	4.242	4.272	1.529522e-05
28	32.168	4.242	4.272	1.47262e-05
29	33.314	4.262	4.293	1.486846e-05
30	34.462	4.262	4.293	1.523596e-05
31	35.605	4.276	4.311	1.517669e-05
32	36.747	4.276	4.311	1.490401e-05
33	37.893	4.284	4.32	1.414531e-05
34	39.036	4.284	4.32	1.451279e-05
35	40.18	4.294	4.327	1.429934e-05
36	41.323	4.294	4.327	1.488029e-05
37	42.465	4.313	4.346	1.433496e-05
38	43.609	4.313	4.346	1.471432e-05
39	44.766	4.336	4.365	1.466688e-05
40	45.923	4.336	4.365	1.479728e-05
41	47.073	4.357	4.39	1.437051e-05
42	48.225	4.357	4.39	1.427563e-05
43	49.373	4.372	4.406	1.536624e-05
44	50.52	4.372	4.406	1.51055e-05
45	51.67	4.386	4.419	1.515284e-05
46	52.819	4.386	4.419	1.48328e-05
47	53.967	4.407	4.435	1.450087e-05
48	55.111	4.407	4.435	1.402668e-05
49	56.258	4.431	4.47	1.485649e-05
50	57.401	4.431	4.47	1.456014e-05
51	58.551	4.448	4.485	1.425186e-05
52	59.702	4.448	4.485	1.474978e-05
53	60.848	4.472	4.51	1.441784e-05
54	61.997	4.472	4.51	1.416888e-05
55	63.145	4.499	4.537	1.496318e-05
56	64.291	4.499	4.537	1.491571e-05
57	65.441	4.506	4.558	1.493945e-05
58	66.593	4.506	4.558	1.480903e-05
59	67.744	4.533	4.571	1.432299e-05
60	68.894	4.533	4.571	1.415701e-05
61	70.043	4.55	4.586	1.447706e-05
62	71.195	4.55	4.586	1.488013e-05
63	72.34	4.571	4.606	1.471418e-05
64	73.49	4.571	4.606	1.483273e-05
65	74.638	4.595	4.631	1.465486e-05
66	75.806	4.595	4.631	1.518833e-05
67	76.953	4.617	4.654	1.406216e-05
68	78.104	4.617	4.654	1.486825e-05
69	79.251	4.632	4.669	1.505795e-05
70	80.398	4.632	4.669	1.448888e-05
71	81.555	4.646	4.681	1.490382e-05
72	82.729	4.646	4.681	1.484447e-05
73	83.878	4.666	4.7	1.506977e-05
74	85.029	4.666	4.7	1.480895e-05
75	86.176	4.691	4.726	1.491566e-05
76	87.325	4.691	4.726	1.450071e-05
77	88.476	4.715	4.751	1.476147e-05
78	89.624	4.715	4.751	1.437034e-05
79	90.772	4.733	4.769	1.499861e-05
80	91.924	4.733	4.769	1.442958e-05
81	93.073	4.746	4.781	1.386054e-05
82	94.221	4.746	4.781	1.506972e-05
83	95.372	4.764	4.797	1.446512e-05
84	96.526	4.764	4.797	1.465474e-05
85	97.681	4.787	4.82	1.506969e-05
86	98.831	4.787	4.82	1.485633e-05
87	99.979	4.811	4.844	1.451253e-05
88	101.125	4.811	4.844	1.49867e-05
89	102.279	4.83	4.865	1.450066e-05
90	103.427	4.83	4.865	1.479701e-05
91	104.577	4.845	4.879	1.476146e-05
92	105.722	4.845	4.879	1.431097e-05
93	106.872	4.861	4.893	1.440581e-05
94	108.018	4.861	4.893	1.457175e-05
95	109.166	4.886	4.917	1.502227e-05
96	110.316	4.886	4.917	1.493927e-05
97	111.468	4.906	4.943	1.437019e-05
98	112.615	4.906	4.943	1.508151e-05
99	113.764	4.929	4.969	1.450062e-05
100	114.915	4.929	4.969	1.463106e-05
101	116.08	4.954	4.983	1.451247e-05
102	117.227	4.954	4.983	1.381301e-05
103	118.375	4.978	4.995	1.463099e-05
104	119.521	4.978	4.995	1.490361e-05
105	120.675	4.995	5.014	1.432277e-05
106	121.833	4.995	5.014	1.502217e-05
107	122.985	5.007	5.039	1.474952e-05
108	124.133	5.007	5.039	1.442943e-05
109	125.286	5.023	5.063	1.445315e-05
110	126.44	5.023	5.063	1.482063e-05
111	127.592	5.046	5.077	1.452425e-05
112	128.755	5.046	5.077	1.530666e-05
113	129.901	5.065	5.083	1.497474e-05
114	131.052	5.065	5.083	1.444126e-05
115	132.203	5.085	5.099	1.497474e-05
116	133.355	5.085	5.099	1.423975e-05
117	134.506	5.103	5.127	1.445309e-05
118	135.658	5.103	5.127	1.46902e-05
119	136.804	5.119	5.155	1.46428e-05
120	137.961	5.119	5.155	1.471391e-05
121	139.107	5.137	5.172	1.465464e-05
122	140.259	5.137	5.172	1.497472e-05
123	141.409	5.16	5.181	1.426342e-05
124	142.556	5.16	5.181	1.452421e-05
125	143.721	5.18	5.192	1.401446e-05
126	144.868	5.18	5.192	1.510507e-05
127	146.026	5.193	5.212	1.483243e-05
128	147.174	5.193	5.212	1.446492e-05
129	148.322	5.207	5.239	1.441752e-05
130	149.463	5.207	5.239	1.505765e-05
131	150.606	5.223	5.26	1.447678e-05
132	151.746	5.223	5.26	1.486795e-05
133	152.893	5.25	5.274	1.474944e-05
134	154.035	5.25	5.274	1.446489e-05
135	155.182	5.273	5.286	1.47494e-05
136	156.324	5.273	5.286	1.489167e-05
137	157.469	5.289	5.304	1.442928e-05
138	158.613	5.289	5.304	1.453599e-05
139	159.759	5.305	5.333	1.496272e-05
140	160.903	5.305	5.333	1.554367e-05
141	162.058	5.325	5.361	1.493903e-05
142	163.203	5.325	5.361	1.466639e-05
143	164.346	5.357	5.38	1.452411e-05
144	165.49	5.357	5.38	1.493903e-05
145	166.631	5.373	5.394	1.445297e-05
146	167.791	5.373	5.394	1.435807e-05
147	168.932	5.396	5.413	1.490348e-05
148	170.078	5.396	5.413	1.458338e-05
149	171.25	5.42	5.437	1.474932e-05
150	172.393	5.42	5.437	1.472556e-05
151	173.538	5.445	5.465	1.477305e-05
152	174.682	5.445	5.465	1.448855e-05
153	175.824	5.463	5.486	1.458336e-05
154	176.968	5.463	5.486	1.436997e-05
155	178.116	5.472	5.497	1.501008e-05
156	179.266	5.472	5.497	1.489156e-05
157	180.409	5.49	5.508	1.436995e-05
158	181.556	5.49	5.508	1.43225e-05
159	182.724	5.516	5.532	1.44529e-05
160	183.884	5.516	5.532	1.428695e-05
161	185.027	5.545	5.561	1.453592e-05
162	186.231	5.545	5.561	1.454774e-05
163	187.384	5.562	5.585	1.444104e-05
164	188.526	5.562	5.585	1.472555e-05
165	189.671	5.574	5.598	1.482039e-05
166	190.815	5.574	5.598	1.469004e-05
167	191.962	5.591	5.61	1.52116e-05
168	193.102	5.591	5.61	1.490333e-05
169	194.247	5.616	5.631	1.47137e-05
170	195.39	5.616	5.631	1.503377e-05
171	196.537	5.639	5.657	1.49982e-05
172	197.681	5.639	5.657	1.436991e-05
173	198.824	5.658	5.678	1.404982e-05
174	199.968	5.658	5.678	1.444103e-05
175	201.112	5.671	5.695	1.485591e-05
176	202.258	5.671	5.695	1.464253e-05
177	203.398	5.687	5.707	1.487963e-05
178	204.542	5.687	5.707	1.477292e-05
179	205.683	5.711	5.725	1.446467e-05
180	206.825	5.711	5.725	1.467808e-05
181	207.969	5.735	5.752	1.455952e-05
182	209.113	5.735	5.752	1.521153e-05
183	210.259	5.756	5.775	1.483219e-05
184	211.407	5.756	5.775	1.478473e-05
185	212.557	5.772	5.795	1.414461e-05
186	213.705	5.772	5.795	1.471364e-05
187	214.848	5.786	5.808	1.454767e-05
188	215.991	5.786	5.808	1.40616e-05
189	217.14	5.808	5.823	1.511668e-05
190	218.293	5.808	5.823	1.478471e-05
191	219.434	5.831	5.858	1.44765e-05
192	220.574	5.831	5.858	1.48677e-05
193	221.713	5.846	5.87	1.408524e-05
194	222.856	5.846	5.87	1.458318e-05
195	224.002	5.87	5.894	1.485582e-05
196	225.152	5.87	5.894	1.492697e-05
197	226.299	5.898	5.923	1.422754e-05
198	227.453	5.898	5.923	1.453574e-05
199	228.604	5.921	5.948	1.454759e-05
200	229.768	5.921	5.948	1.439344e-05
201	230.929	5.934	5.946	1.451199e-05
202	232.074	5.934	5.946	1.4761e-05
203	233.22	5.95	5.975	1.429865e-05
204	234.365	5.95	5.975	1.434606e-05
205	235.508	5.976	5.999	1.432232e-05
206	236.653	5.976	5.999	1.497431e-05
207	237.798	6.003	6.027	1.46661e-05
208	238.947	6.003	6.027	1.436973e-05
209	240.09	6.027	6.053	1.446459e-05
210	241.237	6.027	6.053	1.421562e-05
211	242.384	6.034	6.067	1.438156e-05
212	243.527	6.034	6.067	1.458309e-05
213	244.672	6.05	6.075	1.452382e-05
214	245.826	6.05	6.075	1.482017e-05
215	246.971	6.069	6.091	1.509284e-05
216	248.118	6.069	6.091	1.480831e-05
217	249.265	6.095	6.118	1.45712e-05
218	250.41	6.095	6.118	1.426302e-05
219	251.555	6.121	6.145	1.463049e-05
220	252.708	6.121	6.145	1.483203e-05
221	253.852	6.137	6.163	1.448822e-05
222	254.995	6.137	6.163	1.497423e-05
223	256.139	6.153	6.175	1.48438e-05
224	257.287	6.153	6.175	1.489126e-05
225	258.432	6.162	6.19	1.491497e-05
226	259.576	6.162	6.19	1.495051e-05
227	260.721	6.185	6.207	1.459487e-05
228	261.863	6.185	6.207	1.498609e-05
229	263.005	6.213	6.235	1.497426e-05
230	264.148	6.213	6.235	1.483191e-05
231	265.295	6.232	6.258	1.468972e-05
232	266.439	6.232	6.258	1.434592e-05
233	267.587	6.247	6.272	1.490305e-05
234	268.759	6.247	6.272	1.458301e-05
235	269.902	6.263	6.285	1.467784e-05
236	271.05	6.263	6.285	1.414436e-05
237	272.195	6.286	6.307	1.431032e-05
238	273.344	6.286	6.307	1.403767e-05
239	274.491	6.307	6.333	1.450001e-05
240	275.635	6.307	6.333	1.493861e-05
241	276.779	6.327	6.359	1.48082e-05
242	277.927	6.327	6.359	1.454738e-05
243	279.073	6.353	6.375	1.47252e-05
244	280.221	6.353	6.375	1.5152e-05
245	281.373	6.379	6.386	1.455924e-05
246	282.518	6.379	6.386	1.44051e-05
247	283.664	6.398	6.406	1.453553e-05
248	284.813	6.398	6.406	1.438141e-05
249	285.975	6.411	6.434	1.525868e-05
250	287.123	6.411	6.434	1.492673e-05
251	288.268	6.43	6.438	1.45829e-05
252	289.416	6.43	6.438	1.496224e-05
253	290.567	6.457	6.482	1.478444e-05
254	291.717	6.457	6.482	1.502151e-05
255	292.864	6.484	6.494	1.460661e-05
256	294.026	6.484	6.494	1.4085e-05
257	295.17	6.503	6.508	1.455918e-05
258	296.315	6.503	6.508	1.45592e-05
259	297.47	6.515	6.533	1.464218e-05
260	298.616	6.515	6.533	1.487928e-05
261	299.768	6.529	6.561	1.454732e-05
262	300.915	6.529	6.561	1.487928e-05
263	302.06	6.551	6.58	1.49148e-05
264	303.205	6.551	6.58	1.454728e-05
265	304.353	6.579	6.593	1.441691e-05
266	305.498	6.579	6.593	1.490291e-05
267	306.644	6.602	6.605	1.479623e-05
268	307.812	6.602	6.605	1.457104e-05
269	308.961	6.616	6.628	1.474879e-05
270	310.108	6.616	6.628	1.499776e-05
271	311.255	6.628	6.643	1.48318e-05
272	312.407	6.628	6.643	1.515185e-05
273	313.557	6.648	6.655	1.449986e-05
274	314.704	6.648	6.655	1.465398e-05
275	315.85	6.673	6.693	1.476067e-05
276	316.994	6.673	6.693	1.479621e-05
277	318.139	6.696	6.702	1.511631e-05
278	319.288	6.696	6.702	1.461836e-05
279	320.442	6.709	6.717	1.474878e-05
280	321.591	6.709	6.717	1.46658e-05
281	322.744	6.72	6.743	1.451164e-05
282	323.89	6.72	6.743	1.466571e-05
283	325.038	6.739	6.748	1.562596e-05
284	326.183	6.739	6.748	1.468944e-05
285	327.329	6.764	6.787	1.43931e-05
286	328.48	6.764	6.787	1.467761e-05
287	329.63	6.783	6.799	1.473692e-05
288	330.929	6.783	6.799	1.508061e-05
289	332.088	6.807	6.816	1.486726e-05
290	333.314	6.834	6.841	1.478429e-05
291	334.466	6.834	6.841	1.505694e-05
292	335.612	6.858	6.871	1.491469e-05
293	336.778	6.858	6.871	1.575636e-05
294	337.932	6.873	6.892	1.476057e-05
295	339.086	6.873	6.892	1.51636e-05
296	340.251	6.885	6.903	1.568521e-05
297	341.402	6.885	6.903	1.527031e-05
298	342.55	6.907	6.916	1.576813e-05
299	343.702	6.907	6.916	1.610006e-05
300	344.844	6.933	6.943	1.570887e-05
301	345.989	6.933	6.943	1.612383e-05
302	347.133	6.958	6.969	1.592229e-05
303	348.281	6.958	6.969	1.601713e-05
304	349.427	6.974	6.991	1.707221e-05
305	350.574	6.974	6.991	1.625421e-05
306	351.731	6.985	7.003	1.713142e-05
307	352.877	6.985	7.003	1.644383e-05
308	354.02	7.001	7.013	1.670467e-05
309	355.187	7.001	7.013	1.703657e-05
310	356.329	7.026	7.034	1.65387e-05
311	357.475	7.026	7.034	1.730923e-05
312	358.62	7.053	7.052	1.794937e-05
313	359.761	7.053	7.052	1.75226e-05
314	360.902	7.057	7.087	1.954968e-05
315	362.047	7.057	7.087	1.856581e-05
316	363.195	7.085	7.103	1.998834e-05
317	364.344	7.085	7.103	2.034397e-05
318	365.489	7.098	7.112	2.008313e-05
319	366.633	7.098	7.112	2.260819e-05
320	367.772	7.121	7.129	2.116196e-05
321	368.939	7.121	7.129	2.323645e-05
322	370.081	7.149	7.157	2.469448e-05
323	371.221	7.149	7.157	2.452862e-05
324	372.362	7.173	7.186	2.815612e-05
325	373.505	7.173	7.186	2.464711e-05
326	374.654	7.186	7.178	2.914001e-05
327	375.801	7.186	7.178	3.098932e-05
328	376.944	7.195	7.214	2.964975e-05
329	378.087	7.195	7.214	3.524507e-05
330	379.228	7.211	7.221	3.085888e-05
331	380.367	7.211	7.221	3.605115e-05
332	381.505	7.238	7.244	3.894369e-05
333	382.651	7.238	7.244	3.767524e-05
334	383.818	7.265	7.268	4.764492e-05
335	384.974	7.265	7.268	4.197846e-05
336	386.121	7.279	7.294	4.879483e-05
337	387.266	7.279	7.294	5.791092e-05
338	388.406	7.309	7.326	5.153319e-05
339	389.551	7.309	7.326	6.753681e-05
340	390.693	7.324	7.352	5.829028e-05
341	391.839	7.324	7.352	6.786868e-05
342	392.982	7.334	7.36	8.088501e-05
343	394.125	7.334	7.36	6.733528e-05
344	395.273	7.356	7.36	8.733392e-05
345	396.42	7.356	7.36	7.572832e-05
346	397.572	7.355	7.37	8.389609e-05
347	398.715	7.355	7.37	0.0001074629
348	399.875	7.386	7.402	8.799772e-05
349	401.016	7.386	7.402	0.00012106
350	402.162	7.392	7.436	0.0001142793
351	403.31	7.392	7.436	0.0001221032
352	404.454	7.427	7.451	0.0001582714
353	405.6	7.427	7.451	0.0001286232
354	406.748	7.448	7.46	0.0001732674
355	407.895	7.448	7.46	0.0001723902
356	409.042	7.46	7.475	0.0001779262
357	410.188	7.46	7.475	0.0002345435
358	411.328	7.491	7.506	0.0001905275
359	412.469	7.491	7.506	0.0002541862
360	413.609	7.523	7.541	0.0002509855
361	414.755	7.523	7.541	0.0002604692
362	415.899	7.542	7.565	0.0003349038
363	417.046	7.542	7.565	0.0002755126
364	418.192	7.556	7.575	0.0003537288
365	419.339	7.556	7.575	0.0003627618
366	420.486	7.569	7.586	0.0003635795
367	421.63	7.569	7.586	0.0004573609
368	422.774	7.598	7.612	0.0003840287
369	423.93	7.598	7.612	0.0004737554
370	425.068	7.613	7.647	0.0004995154
371	426.21	7.613	7.647	0.0004713017
372	427.35	7.646	7.667	0.0005769726
373	428.495	7.646	7.667	0.0004887871
374	429.694	7.653	7.676	0.0005708084
375	430.865	7.653	7.676	0.0006584371
376	432.006	7.664	7.682	0.0005799126
377	433.16	7.664	7.682	0.0007008167
378	434.307	7.689	7.702	0.0006733732
379	435.454	7.689	7.702	0.0007008401
380	436.597	7.709	7.732	0.0008182348
381	437.755	7.709	7.732	0.0007198545
382	438.898	7.728	7.763	0.0008487488
383	440.041	7.728	7.763	0.0008550556
384	441.183	7.757	7.78	0.0008650011
385	442.324	7.757	7.78	0.0009977717
386	443.467	7.787	7.787	0.000890856
387	444.638	7.787	7.787	0.001019975
388	445.79	7.806	7.801	0.001075526
389	446.933	7.806	7.801	0.001035599
390	448.075	7.817	7.831	0.001193809
391	449.218	7.817	7.831	0.001077339
392	450.38	7.83	7.864	0.001204538
393	451.524	7.83	7.864	0.001277893
394	452.671	7.855	7.884	0.001204775
395	453.826	7.855	7.884	0.001368687
396	454.983	7.886	7.891	0.001282469
397	456.135	7.886	7.891	0.001367975
398	457.282	7.907	7.901	0.001490456
399	458.432	7.907	7.901	0.001378621
400	459.579	7.918	7.926	0.001544133
401	460.729	7.918	7.926	0.001502607
402	461.874	7.929	7.958	0.001554506
403	463.018	7.929	7.958	0.001692598
404	464.171	7.954	7.986	0.001571742
405	465.329	7.954	7.986	0.00172316
406	466.474	7.985	7.998	0.001730473
407	467.623	7.985	7.998	0.001729453
408	468.776	8.01	8.004	0.001868839
409	469.941	8.01	8.004	0.001759456
410	471.086	8.023	8.024	0.001878712
411	472.23	8.023	8.024	0.001941127
412	473.377	8.031	8.055	0.001887829
413	474.525	8.031	8.055	0.002027617
414	475.692	8.05	8.085	0.00195368
415	476.839	8.05	8.085	0.002028636
416	477.989	8.079	8.1	0.00211969
417	479.151	8.079	8.1	0.002034764
418	480.296	8.109	8.106	0.002158905
419	481.437	8.109	8.106	0.002130347
420	482.586	8.124	8.12	0.002164998
421	483.725	8.124	8.12	0.002257807
422	484.866	8.131	8.148	0.002164926
423	486.004	8.131	8.148	0.002282191
424	487.146	8.144	8.179	0.002248678
425	488.286	8.144	8.179	0.002284562
426	489.435	8.17	8.196	0.0023651
427	490.575	8.17	8.196	0.002290998
428	491.777	8.186	8.202	0.002388738
429	492.923	8.186	8.202	0.002397047
430	494.068	8.22	8.213	0.002375543
431	495.208	8.22	8.213	0.00244814
432	496.352	8.233	8.236	0.002382834
433	497.496	8.233	8.236	0.002452491
434	498.635	8.258	8.266	0.002471139
435	499.777	8.258	8.266	0.002454897
436	500.917	8.271	8.289	0.002520144
437	502.06	8.271	8.289	0.00247103
438	503.202	8.28	8.298	0.002528689
439	504.349	8.28	8.298	0.00254115
440	505.497	8.3	8.307	0.002530055
441	506.641	8.3	8.307	0.002581359
442	507.786	8.33	8.331	0.002545014
443	508.93	8.33	8.331	0.002586111
444	510.072	8.359	8.364	0.002600041
445	511.214	8.359	8.364	0.002588079
446	512.356	8.375	8.391	0.002627625
447	513.498	8.375	8.391	0.002598643
448	514.644	8.385	8.403	0.002633031
449	515.794	8.385	8.403	0.00264606
450	516.937	8.4	8.411	0.002633898
451	518.081	8.4	8.411	0.002668392
452	519.225	8.428	8.43	0.002645348
453	520.368	8.428	8.43	0.002670359
454	521.51	8.459	8.461	0.002683614
455	522.656	8.459	8.461	0.002673928
456	523.805	8.483	8.494	0.002701798
457	524.963	8.483	8.494	0.002686494
458	526.109	8.494	8.514	0.002702936
459	527.254	8.494	8.514	0.002717968
460	528.398	8.507	8.521	0.002704781
461	529.546	8.507	8.521	0.002728127
462	530.687	8.531	8.534	0.002717731
463	531.828	8.531	8.534	0.002730035
464	532.972	8.561	8.562	0.002742352
465	534.114	8.561	8.562	0.002730012
466	535.263	8.562	8.593	0.002750161
467	536.43	8.562	8.593	0.002743525
468	537.575	8.595	8.614	0.002749251
469	538.72	8.595	8.614	0.002763132
470	539.865	8.603	8.621	0.002750305
471	541.005	8.603	8.621	0.002767659
472	542.149	8.623	8.629	0.002764625
473	543.289	8.623	8.629	0.00276889
474	544.432	8.652	8.653	0.002782051
475	545.574	8.652	8.653	0.002770268
476	546.719	8.665	8.68	0.002786947
477	547.881	8.665	8.68	0.002784314
478	549.021	8.691	8.713	0.002786473
479	550.163	8.691	8.713	0.002799275
480	551.302	8.723	8.734	0.002788642
481	552.445	8.723	8.734	0.002802773
482	553.595	8.746	8.765	0.002801846
483	554.744	8.746	8.765	0.002802143
484	555.892	8.756	8.779	0.002814436
485	557.035	8.756	8.779	0.002804254
486	558.176	8.766	8.785	0.002815999
487	559.317	8.766	8.785	0.002816367
488	560.46	8.788	8.799	0.002816332
489	561.603	8.788	8.799	0.002825981
490	562.745	8.818	8.828	0.002817598
491	563.913	8.818	8.828	0.002827664
492	565.054	8.844	8.861	0.002828981
493	566.198	8.844	8.861	0.00282713
494	567.346	8.852	8.875	0.002835355
495	568.49	8.852	8.875	0.002827699
496	569.632	8.856	8.877	0.00283608
497	570.774	8.856	8.877	0.002838202
498	571.917	8.873	8.885	0.002835996
499	573.059	8.873	8.885	0.002844413
500	574.203	8.903	8.912	0.002837939
501	575.348	8.903	8.912	0.002846014
502	576.492	8.934	8.947	0.002848064
503	577.638	8.934	8.947	0.002845799
504	578.781	8.951	8.973	0.002853529
505	579.925	8.951	8.973	0.002847672
506	581.068	8.961	8.983	0.002854334
507	582.236	8.961	8.983	0.002857642
508	583.376	8.977	8.998	0.002853835
509	584.519	8.977	8.998	0.002860675
510	585.663	9.005	9.015	0.002857249
511	586.811	9.005	9.015	0.002860849
512	587.96	9.036	9.047	0.002864325
513	589.102	9.036	9.047	0.002860626
514	590.249	9.057	9.077	0.002866494
515	591.397	9.057	9.077	0.002864277
516	592.567	9.067	9.09	0.002866306
517	593.711	9.067	9.09	0.002870324
518	594.857	9.079	9.096	0.002866375
519	596.005	9.079	9.096	0.002871259
520	597.183	9.103	9.113	0.002871247
521	598.33	9.103	9.113	0.002870785
522	599.473	9.132	9.142	0.002873915
523	600.632	9.132	9.142	0.002871566
524	601.781	9.14	9.173	0.002874102
525	602.93	9.14	9.173	0.002875502
526	604.072	9.17	9.191	0.002874234
527	605.217	9.17	9.191	0.0028776
528	606.358	9.201	9.2	0.002875833
529	607.5	9.201	9.2	0.002878132
530	608.641	9.218	9.212	0.002878878
531	609.781	9.218	9.212	0.002877672
532	610.925	9.23	9.238	0.002880635
533	612.071	9.23	9.238	0.0028785
534	613.215	9.24	9.269	0.002880883
535	614.361	9.24	9.269	0.002881486
536	615.501	9.266	9.292	0.002880446
537	616.654	9.266	9.292	0.002882222
538	617.805	9.295	9.3	0.002881666
539	618.959	9.295	9.3	0.002882779
540	620.101	9.316	9.316	0.002883739
541	621.245	9.316	9.316	0.00288273
542	622.386	9.326	9.331	0.002884046
543	623.528	9.326	9.331	0.002883669
544	624.671	9.338	9.363	0.002884449
545	625.817	9.338	9.363	0.00288567
546	626.959	9.36	9.39	0.002884106
547	628.102	9.36	9.39	0.002885588
548	629.246	9.385	9.398	0.002884803
549	630.401	9.385	9.398	0.002885551
550	631.544	9.409	9.403	0.002885635
551	632.691	9.409	9.403	0.00288554
552	633.838	9.422	9.42	0.002886677
553	634.982	9.422	9.42	0.002885943
554	636.125	9.432	9.451	0.002887281
555	637.272	9.432	9.451	0.002887661
556	638.421	9.452	9.482	0.002886795
557	639.577	9.452	9.482	0.002887636
558	640.724	9.482	9.5	0.002888277
559	641.877	9.482	9.5	0.002888301
560	643.027	9.511	9.509	0.002888774
561	644.174	9.511	9.509	0.002887696
562	645.318	9.527	9.522	0.002889094
563	646.464	9.527	9.522	0.002888833
564	647.611	9.537	9.55	0.002888561
565	648.756	9.537	9.55	0.002889296
566	649.914	9.554	9.583	0.002888785
567	651.061	9.554	9.583	0.002889555
568	652.21	9.581	9.606	0.002889556
569	653.356	9.581	9.606	0.002889008
570	654.501	9.612	9.615	0.002889733
571	655.653	9.612	9.615	0.002889827
572	656.805	9.621	9.624	0.002889995
573	657.963	9.621	9.624	0.002890383
574	659.105	9.649	9.657	0.00288997
575	660.245	9.649	9.657	0.00289061
576	661.391	9.678	9.682	0.002890219
577	662.543	9.678	9.682	0.002890611
578	663.691	9.69	9.708	0.002891475
579	664.84	9.69	9.708	0.002890349
580	665.985	9.699	9.719	0.002890941
581	667.129	9.699	9.719	0.002891334
582	668.272	9.719	9.726	0.002891224
583	669.413	9.719	9.726	0.002891523
584	670.564	9.749	9.746	0.00289087
585	671.714	9.749	9.746	0.002891331
586	672.857	9.78	9.778	0.00289165
587	674.004	9.78	9.778	0.002891509
588	675.149	9.796	9.811	0.002891889
589	676.294	9.796	9.811	0.002891225
590	677.441	9.803	9.827	0.002892114
591	678.588	9.803	9.827	0.002891746
592	679.732	9.816	9.83	0.002891839
593	680.882	9.816	9.83	0.002892137
594	682.028	9.845	9.843	0.002891437
595	683.18	9.845	9.843	0.00289261
596	684.326	9.88	9.874	0.002892243
597	685.477	9.88	9.874	0.002892397
598	686.62	9.901	9.911	0.002892432
599	687.765	9.901	9.911	0.002892563
600	688.915	9.906	9.932	0.002892432
601	690.061	9.906	9.932	0.002892587
602	691.206	9.911	9.932	0.002892432
603	692.35	9.911	9.932	0.002892848
604	693.497	9.934	9.954	0.002892586
605	694.642	9.934	9.954	0.002892942
606	695.787	9.968	9.96	0.002892883
607	696.933	9.968	9.96	0.002892811
608	698.083	9.995	9.979	0.002893699
609	699.236	9.995	9.979	0.002893012
610	700.382	10.004	10.024	0.00289313
611	701.529	10.004	10.024	0.002893913
612	702.678	10.009	10.033	0.002893568
613	703.827	10.009	10.033	0.002893107
614	704.987	10.033	10.047	0.002893214
615	706.128	10.033	10.047	0.002893356
616	707.271	10.067	10.06	0.00289365
617	708.419	10.067	10.06	0.00289281
618	709.564	10.075	10.092	0.002893711
619	710.711	10.075	10.092	0.002893661
620	711.861	10.104	10.108	0.002893461
621	713.008	10.104	10.108	0.002893852
622	714.152	10.14	10.144	0.00289366
623	715.297	10.14	10.144	0.002894114
624	716.442	10.165	10.182	0.002894409
625	717.587	10.165	10.182	0.002894634
626	718.73	10.168	10.196	0.002894148
627	719.873	10.168	10.196	0.002893589
628	721.019	10.168	10.19	0.002894266
629	722.164	10.168	10.19	0.002894467
630	723.309	10.191	10.198	0.002894445
631	724.453	10.191	10.198	0.002894206
632	725.598	10.227	10.229	0.002894076
633	726.742	10.227	10.229	0.002894419
634	727.913	10.258	10.27	0.002894762
635	729.055	10.258	10.27	0.002894217
636	730.2	10.268	10.294	0.002894562
637	731.36	10.268	10.294	0.002894431
638	732.502	10.287	10.297	0.002894524
639	733.643	10.287	10.297	0.002894667
640	734.789	10.293	10.304	0.002894097
641	735.936	10.293	10.304	0.00289449
642	737.08	10.331	10.332	0.002894333
643	738.224	10.331	10.332	0.002894513
644	739.366	10.365	10.372	0.002894846
645	740.512	10.365	10.372	0.002894751
646	741.656	10.38	10.403	0.002894514
647	742.8	10.38	10.403	0.002894715
648	743.95	10.382	10.41	0.002894785
649	745.098	10.382	10.41	0.002894973
650	746.247	10.396	10.411	0.002894608
651	747.396	10.396	10.411	0.002894475
652	748.54	10.428	10.43	0.002894987
653	749.688	10.428	10.43	0.00289495
654	750.839	10.461	10.463	0.002894774
655	751.985	10.461	10.463	0.002894404
656	753.128	10.481	10.5	0.002895531
657	754.272	10.481	10.5	0.002894522
658	755.415	10.484	10.512	0.002894688
659	756.56	10.484	10.512	0.002894892
660	757.701	10.49	10.511	0.002894829
661	758.854	10.49	10.511	0.00289546
662	759.995	10.519	10.523	0.002894607
663	761.14	10.519	10.523	0.002895435
664	762.282	10.558	10.558	0.002895745
665	763.424	10.558	10.558	0.002895246
666	764.566	10.585	10.598	0.002895291
667	765.714	10.585	10.598	0.002895151
668	766.863	10.595	10.62	0.002895531
669	768.008	10.595	10.62	0.002895874
670	769.15	10.631	10.622	0.002895447
671	770.296	10.631	10.622	0.002895459
672	771.439	10.649	10.631	0.002895174
673	772.584	10.649	10.631	0.002896025
674	773.729	10.652	10.66	0.002895719
675	774.888	10.652	10.66	0.00289566
676	776.029	10.667	10.701	0.002895399
677	777.171	10.667	10.701	0.002895695
678	778.313	10.698	10.732	0.002895848
679	779.458	10.698	10.732	0.002895884
680	780.602	10.727	10.732	0.002895705
681	781.746	10.727	10.732	0.002895764
682	782.886	10.746	10.727	0.002894971
683	784.033	10.746	10.727	0.002895846
684	785.178	10.748	10.744	0.002896084
685	786.323	10.748	10.744	0.00289484
686	787.469	10.755	10.783	0.002895765
687	788.63	10.755	10.783	0.002895422
688	789.777	10.783	10.821	0.002896321
689	790.923	10.783	10.821	0.002895681
690	792.068	10.821	10.834	0.002895337
691	793.227	10.821	10.834	0.002895917
692	794.371	10.848	10.832	0.002896299
693	795.532	10.848	10.832	0.00289586
694	796.674	10.857	10.844	0.002896013
695	797.829	10.857	10.844	0.002896131
696	798.973	10.861	10.881	0.002896333
697	800.118	10.861	10.881	0.002896569
698	801.263	10.881	10.92	0.002896072
699	802.44	10.881	10.92	0.00289696
700	803.583	10.919	10.942	0.002896511
701	804.727	10.919	10.942	0.002896499
702	805.892	10.954	10.943	0.002896842
703	807.038	10.954	10.943	0.002896569
704	808.184	10.966	10.949	0.00289657
705	809.329	10.966	10.949	0.002896473
706	810.479	10.968	10.978	0.002896676
707	811.621	10.968	10.978	0.002896403
708	812.766	10.983	11.019	0.002896569
709	813.922	10.983	11.019	0.002896388
710	815.064	11.016	11.046	0.002896486
711	816.204	11.016	11.046	0.00289652
712	817.347	11.051	11.049	0.002896545
713	818.49	11.051	11.049	0.002896592
714	819.631	11.07	11.051	0.002896793
715	820.771	11.07	11.051	0.002897172
716	821.914	11.072	11.073	0.002896616
717	823.056	11.072	11.073	0.002896875
718	824.213	11.116	11.111	0.002897041
719	825.362	11.116	11.111	0.002896343
720	826.515	11.123	11.146	0.002896616
721	827.66	11.123	11.146	0.002896474
722	828.814	11.127	11.154	0.002897244
723	829.962	11.127	11.154	0.002896555
724	831.104	11.15	11.155	0.002896757
725	832.247	11.15	11.155	0.00289703
726	833.393	11.187	11.173	0.002896982
727	834.534	11.187	11.173	0.002897147
728	835.677	11.221	11.21	0.002896211
729	836.821	11.221	11.21	0.002897136
730	837.967	11.231	11.246	0.002897431
731	839.12	11.231	11.246	0.0028969
732	840.27	11.226	11.255	0.002897018
733	841.412	11.226	11.255	0.002896922
734	842.553	11.242	11.255	0.002896483
735	843.697	11.242	11.255	0.002896839
736	844.838	11.276	11.265	0.002896979
737	845.978	11.276	11.265	0.002896874
738	847.125	11.321	11.304	0.002896802
739	848.269	11.321	11.304	0.002897076
740	849.42	11.338	11.344	0.002896625
741	850.566	11.338	11.344	0.002896839
742	851.711	11.339	11.364	0.002896814
743	852.855	11.339	11.364	0.002896944
744	854.003	11.346	11.368	0.002896823
745	855.15	11.346	11.368	0.002896685
746	856.291	11.376	11.374	0.002896885
747	857.441	11.376	11.374	0.002896388
748	858.586	11.411	11.395	0.002897419
749	859.732	11.411	11.395	0.002897062
750	860.879	11.445	11.438	0.002897334
751	862.095	11.445	11.438	0.002896762
752	863.241	11.451	11.47	0.002897145
753	864.385	11.451	11.47	0.002897073
754	865.53	11.457	11.482	0.002897264
755	866.676	11.457	11.482	0.002897299
756	867.825	11.481	11.488	0.002897132
757	868.969	11.481	11.488	0.002896979
758	870.12	11.519	11.505	0.002897227
759	871.283	11.519	11.505	0.002897561
760	872.436	11.548	11.538	0.002897002
761	873.585	11.548	11.538	0.002897086
762	874.731	11.558	11.57	0.002897311
763	875.88	11.558	11.57	0.00289731
764	877.023	11.56	11.58	0.0028975
765	878.17	11.56	11.58	0.002897665
766	879.318	11.599	11.611	0.002897227
767	880.465	11.599	11.611	0.002897571
768	881.614	11.601	11.629	0.002897441
769	882.763	11.601	11.629	0.002897607
770	883.912	11.604	11.627	0.002896753
771	885.057	11.604	11.627	0.002897689
772	886.205	11.633	11.638	0.002897925
773	887.364	11.633	11.638	0.002897581
774	888.507	11.665	11.659	0.002897606
775	889.648	11.665	11.659	0.002898053
776	890.793	11.691	11.697	0.002897309
777	891.94	11.691	11.697	0.002897308
778	893.082	11.703	11.728	0.002897487
779	894.226	11.703	11.728	0.002897497
780	895.37	11.706	11.734	0.002897819
781	896.517	11.706	11.734	0.00289745
782	897.668	11.715	11.743	0.002897342
783	898.812	11.715	11.743	0.002897995
784	899.953	11.748	11.744	0.002897556
785	901.094	11.748	11.744	0.002897673
786	902.233	11.784	11.784	0.002897463
787	903.382	11.784	11.784	0.002897178
788	904.528	11.774	11.819	0.002897865
789	905.677	11.774	11.819	0.002897165
790	906.83	11.808	11.837	0.002897532
791	907.977	11.808	11.837	0.002897628
792	909.121	11.824	11.84	0.002897923
793	910.267	11.824	11.84	0.002897366
794	911.411	11.861	11.86	0.002897579
795	912.558	11.861	11.86	0.002897473
796	913.708	11.901	11.897	0.002897935
797	914.853	11.901	11.897	0.002897969
798	916.008	11.92	11.934	0.002897863
799	917.155	11.92	11.934	0.002898217
800	918.305	11.93	11.959	0.00289835
801	919.452	11.93	11.959	0.00289804
802	920.595	11.941	11.963	0.002897625
803	921.741	11.941	11.963	0.002898005
804	922.886	11.968	11.971	0.002897781
805	924.03	11.968	11.971	0.002897649
806	925.172	11.997	11.992	0.002898183
807	926.322	11.997	11.992	0.002897885
808	927.471	12.007	12.016	0.002897721
809	928.628	12.007	12.016	0.002898123
810	929.77	11.999	11.991	0.002898171
811	930.923	11.999	11.991	0.00289791
812	932.069	11.975	12.0	0.002897814
813	933.278	11.975	12.0	0.002898515
814	934.425	11.979	11.968	0.00289792
815	935.57	11.979	11.968	0.002898088
816	936.719	11.942	11.951	0.002897671
817	937.886	11.942	11.951	0.002897553
818	939.033	11.917	11.954	0.002897671
819	940.182	11.917	11.954	0.002898409
820	941.325	11.91	11.947	0.002897753
821	942.471	11.91	11.947	0.002897458
822	943.612	11.906	11.916	0.002898075
823	944.756	11.906	11.916	0.002897719
824	945.9	11.883	11.872	0.002898171
825	947.043	11.883	11.872	0.002897648
826	948.186	11.843	11.846	0.002897814
827	949.325	11.843	11.846	0.002897848
828	950.468	11.811	11.844	0.002897196
829	951.608	11.811	11.844	0.002897835
830	952.748	11.796	11.835	0.002897528
831	953.897	11.796	11.835	0.002897623
832	955.047	11.794	11.81	0.002897859
833	956.204	11.794	11.81	0.002898228
834	957.349	11.777	11.767	0.00289811
835	958.495	11.777	11.767	0.002896947
836	959.639	11.743	11.74	0.002897433
837	960.784	11.743	11.74	0.002897562
838	961.927	11.706	11.734	0.002897054
839	963.073	11.706	11.734	0.002897242
840	964.221	11.688	11.718	0.002897599
841	965.368	11.688	11.718	0.002898038
842	966.513	11.687	11.71	0.002897456
843	967.662	11.687	11.71	0.002897918
844	968.808	11.682	11.676	0.002897823
845	969.973	11.682	11.676	0.002897977
846	971.117	11.65	11.642	0.002897421
847	972.258	11.65	11.642	0.002897799
848	973.401	11.612	11.632	0.002896943
849	974.549	11.612	11.632	0.002897657
850	975.691	11.59	11.632	0.002897599
851	976.848	11.59	11.632	0.002896945
852	977.993	11.582	11.613	0.002897277
853	979.136	11.582	11.613	0.002896826
854	980.282	11.566	11.567	0.002896933
855	981.425	11.566	11.567	0.002897527
856	982.567	11.525	11.517	0.002897384
857	983.711	11.525	11.517	0.002897621
858	984.865	11.481	11.493	0.002897322
859	986.008	11.481	11.493	0.002897691
860	987.148	11.454	11.492	0.002897477
861	988.292	11.454	11.492	0.002896969
862	989.438	11.446	11.484	0.002897596
863	990.583	11.446	11.484	0.002897276
864	991.724	11.409	11.448	0.00289686
865	992.888	11.409	11.448	0.002897453
866	994.031	11.398	11.411	0.002897549
867	995.174	11.398	11.411	0.002897595
868	996.314	11.398	11.394	0.002896907
869	997.457	11.398	11.394	0.002897026
870	998.596	11.394	11.4	0.002897559
871	999.743	11.394	11.4	0.002897299
872	1000.898	11.365	11.373	0.002897252
873	1002.041	11.365	11.373	0.002896727
874	1003.181	11.329	11.37	0.002897618
875	1004.322	11.329	11.37	0.002896753
876	1005.464	11.31	11.331	0.002896705
877	1006.61	11.31	11.331	0.00289718
878	1007.758	11.309	11.308	0.002896741
879	1008.907	11.309	11.308	0.002897061
880	1010.056	11.275	11.306	0.002896277
881	1011.202	11.275	11.306	0.002896571
882	1012.347	11.275	11.303	0.002896979
883	1013.493	11.275	11.303	0.002896457
884	1014.649	11.235	11.278	0.002896373
885	1015.793	11.235	11.278	0.002896362
886	1016.938	11.21	11.237	0.002896385
887	1018.083	11.21	11.237	0.002896824
888	1019.238	11.201	11.205	0.002896906
889	1020.383	11.201	11.205	0.002896798
890	1021.528	11.197	11.197	0.002897261
891	1022.672	11.197	11.197	0.002896326
892	1023.817	11.173	11.196	0.002896645
893	1024.958	11.173	11.196	0.002896359
894	1026.1	11.134	11.175	0.00289681
895	1027.246	11.134	11.175	0.00289712
896	1028.387	11.098	11.132	0.002896324
897	1029.528	11.098	11.132	0.002896467
898	1030.669	11.089	11.096	0.002896455
899	1031.814	11.089	11.096	0.002896596
900	1032.965	11.09	11.088	0.002896512
901	1034.106	11.09	11.088	0.002896715
902	1035.246	11.073	11.088	0.002896288
903	1036.384	11.073	11.088	0.002896277
904	1037.525	11.037	11.075	0.002896131
905	1038.665	11.037	11.075	0.002896952
906	1039.811	11.004	11.037	0.002896714
907	1040.953	11.004	11.037	0.002896678
908	1042.109	10.993	11.005	0.002896061
909	1043.262	10.993	11.005	0.002896619
910	1044.407	10.995	10.992	0.002896523
911	1045.553	10.995	10.992	0.002896616
912	1046.706	10.954	10.966	0.002896595
913	1047.854	10.954	10.966	0.002896323
914	1049.001	10.947	10.944	0.002896085
915	1050.148	10.947	10.944	0.002896275
916	1051.295	10.943	10.944	0.00289619
917	1052.445	10.943	10.944	0.002896061
918	1053.59	10.92	10.941	0.002895835
919	1054.736	10.92	10.941	0.002895942
920	1055.907	10.88	10.91	0.002896025
921	1057.051	10.88	10.91	0.002895895
922	1058.197	10.861	10.878	0.002896417
923	1059.343	10.861	10.878	0.002896476
924	1060.488	10.856	10.856	0.002895479
925	1061.632	10.856	10.856	0.002896109
926	1062.779	10.853	10.852	0.002896333
927	1063.93	10.853	10.852	0.002896072
928	1065.072	10.833	10.85	0.002896275
929	1066.216	10.833	10.85	0.002896297
930	1067.359	10.794	10.823	0.002895955
931	1068.503	10.794	10.823	0.00289599
932	1069.654	10.759	10.78	0.002895799
933	1070.8	10.759	10.78	0.002896072
934	1071.947	10.747	10.749	0.002896036
935	1073.097	10.747	10.749	0.002895609
936	1074.241	10.747	10.745	0.002896096
937	1075.384	10.747	10.745	0.002895693
938	1076.529	10.734	10.745	0.002896061
939	1077.671	10.734	10.745	0.002895477
940	1078.822	10.699	10.727	0.002895668
941	1079.963	10.699	10.727	0.002895928
942	1081.103	10.662	10.687	0.002895821
943	1082.244	10.662	10.687	0.002895419
944	1083.387	10.643	10.65	0.002894981
945	1084.529	10.643	10.65	0.002895359
946	1085.673	10.64	10.638	0.002895893
947	1086.819	10.64	10.638	0.00289594
948	1087.96	10.628	10.635	0.002895549
949	1089.108	10.628	10.635	0.002895988
950	1090.252	10.592	10.617	0.00289543
951	1091.395	10.592	10.617	0.00289544
952	1092.535	10.554	10.582	0.002895738
953	1093.679	10.554	10.582	0.00289524
954	1094.829	10.53	10.542	0.002895477
955	1095.975	10.53	10.542	0.002895063
956	1097.126	10.525	10.525	0.002894944
957	1098.276	10.525	10.525	0.002895654
958	1099.426	10.523	10.527	0.002895275
959	1100.575	10.523	10.527	0.002895085
960	1101.723	10.5	10.522	0.002895323
961	1102.875	10.5	10.522	0.002894943
962	1104.024	10.483	10.497	0.002895275
963	1105.177	10.483	10.497	0.002895251
964	1106.325	10.469	10.459	0.002895299
965	1107.475	10.469	10.459	0.002894885
966	1108.627	10.436	10.433	0.002895287
967	1109.779	10.436	10.433	0.002894728
968	1110.933	10.402	10.432	0.002895177
969	1112.084	10.402	10.432	0.002894481
970	1113.236	10.384	10.43	0.002894741
971	1114.386	10.384	10.43	0.002894243
972	1115.533	10.38	10.405	0.00289429
973	1116.676	10.38	10.405	0.00289486
974	1117.822	10.373	10.366	0.002895225
975	1118.963	10.373	10.366	0.002894871
976	1120.107	10.349	10.341	0.002894657
977	1121.246	10.349	10.341	0.002894314
978	1122.387	10.312	10.334	0.002895096
979	1123.531	10.312	10.334	0.002894124
980	1124.675	10.29	10.336	0.002894288
981	1125.829	10.29	10.336	0.002894432
982	1126.973	10.284	10.318	0.002894265
983	1128.117	10.284	10.318	0.002893968
984	1129.261	10.279	10.278	0.002894701
985	1130.405	10.279	10.278	0.002894229
986	1131.552	10.234	10.242	0.002894537
987	1132.703	10.234	10.242	0.002893755
988	1133.849	10.219	10.233	0.0028941
989	1134.993	10.219	10.233	0.002893895
990	1136.136	10.193	10.236	0.002894489
991	1137.283	10.193	10.236	0.00289437
992	1138.43	10.184	10.225	0.002894454
993	1139.575	10.184	10.225	0.00289373
994	1140.718	10.18	10.188	0.002893339
995	1141.867	10.18	10.188	0.002893467
996	1143.009	10.159	10.147	0.002893553
997	1144.152	10.159	10.147	0.002894075
998	1145.294	10.122	10.13	0.002893801
999	1146.436	10.122	10.13	0.002893668
1000	1147.59	10.088	10.128	0.002893244
1001	1148.737	10.088	10.128	0.002893564
1002	1149.883	10.068	10.114	0.002893185
1003	1151.027	10.068	10.114	0.002893494
1004	1152.17	10.062	10.078	0.002893029
1005	1153.328	10.062	10.078	0.002893031
1006	1154.476	10.046	10.036	0.002893384
1007	1155.625	10.046	10.036	0.002892935
1008	1156.777	10.013	10.014	0.00289296
1009	1157.939	10.013	10.014	0.002893194
1010	1159.087	9.98	10.013	0.002892279
1011	1160.235	9.98	10.013	0.002892849
1012	1161.386	9.979	10.01	0.002893325
1013	1162.535	9.979	10.01	0.002892779
1014	1163.689	9.947	9.985	0.002893361
1015	1164.853	9.947	9.985	0.002892745
1016	1166.001	9.921	9.948	0.002893314
1017	1167.15	9.921	9.948	0.002892768
1018	1168.299	9.914	9.922	0.002891832
1019	1169.472	9.914	9.922	0.002892541
1020	1170.614	9.911	9.917	0.002892708
1021	1171.813	9.911	9.917	0.002892542
1022	1172.968	9.892	9.916	0.002892958
1023	1174.109	9.892	9.916	0.002892423
1024	1175.251	9.856	9.894	0.002892281
1025	1176.396	9.856	9.894	0.002892412
1026	1177.542	9.827	9.858	0.002892269
1027	1178.688	9.827	9.858	0.002892291
1028	1179.833	9.818	9.83	0.002891663
1029	1180.977	9.818	9.83	0.002891925
1030	1182.124	9.814	9.822	0.002891831
1031	1183.271	9.814	9.822	0.002891403
1032	1184.413	9.8	9.819	0.002891605
1033	1185.56	9.8	9.819	0.002891368
1034	1186.714	9.768	9.803	0.002891687
1035	1187.86	9.768	9.803	0.002891188
1036	1189.005	9.738	9.77	0.00289106
1037	1190.148	9.738	9.77	0.002891318
1038	1191.291	9.722	9.739	0.00289113
1039	1192.433	9.722	9.739	0.002890881
1040	1193.592	9.715	9.723	0.002891698
1041	1194.741	9.715	9.723	0.002889575
1042	1195.881	9.707	9.723	0.002891059
1043	1197.024	9.707	9.723	0.002890632
1044	1198.165	9.681	9.712	0.002890524
1045	1199.305	9.681	9.712	0.002890263
1046	1200.445	9.649	9.682	0.002889872
1047	1201.588	9.649	9.682	0.002890039
1048	1202.73	9.628	9.649	0.002889812
1049	1203.872	9.628	9.649	0.002889956
1050	1205.021	9.615	9.627	0.002890275
1051	1206.165	9.615	9.627	0.002888984
1052	1207.306	9.602	9.617	0.002889124
1053	1208.447	9.602	9.617	0.002888911
1054	1209.59	9.568	9.601	0.002888554
1055	1210.732	9.568	9.601	0.002889254
1056	1211.878	9.529	9.564	0.002888602
1057	1213.018	9.529	9.564	0.002888708
1058	1214.157	9.502	9.527	0.002888234
1059	1215.299	9.502	9.527	0.00288795
1060	1216.442	9.489	9.512	0.002888199
1061	1217.585	9.489	9.512	0.002886778
1062	1218.727	9.46	9.479	0.002888069
1063	1219.875	9.46	9.479	0.002887274
1064	1221.022	9.444	9.454	0.002886361
1065	1222.164	9.444	9.454	0.002887594
1066	1223.308	9.439	9.448	0.002885863
1067	1224.458	9.439	9.448	0.002886978
1068	1225.602	9.433	9.448	0.002886241
1069	1226.747	9.433	9.448	0.002885745
1070	1227.888	9.408	9.431	0.002885957
1071	1229.032	9.408	9.431	0.002885494
1072	1230.184	9.379	9.4	0.002885386
1073	1231.326	9.379	9.4	0.002885506
1074	1232.47	9.358	9.37	0.002884366
1075	1233.616	9.358	9.37	0.002884594
1076	1234.769	9.347	9.356	0.002883241
1077	1235.928	9.347	9.356	0.002883953
1078	1237.072	9.337	9.35	0.002883621
1079	1238.218	9.337	9.35	0.002882258
1080	1239.364	9.313	9.335	0.002883538
1081	1240.514	9.313	9.335	0.002882069
1082	1241.66	9.283	9.306	0.002882128
1083	1242.804	9.283	9.306	0.002881936
1084	1243.951	9.259	9.273	0.0028801
1085	1245.096	9.259	9.273	0.002881048
1086	1246.24	9.246	9.254	0.002878426
1087	1247.386	9.246	9.254	0.002878902
1088	1248.535	9.235	9.246	0.00287978
1089	1249.68	9.235	9.246	0.002876805
1090	1250.821	9.214	9.235	0.002878521
1091	1251.965	9.214	9.235	0.002875822
1092	1253.105	9.188	9.206	0.002875963
1093	1254.246	9.188	9.206	0.002876708
1094	1255.386	9.16	9.177	0.002873746
1095	1256.528	9.16	9.177	0.002875796
1096	1257.669	9.147	9.157	0.002872454
1097	1258.812	9.147	9.157	0.002873129
1098	1259.955	9.138	9.165	0.002873521
1099	1261.1	9.138	9.165	0.002868754
1100	1262.249	9.121	9.139	0.002871693
1101	1263.395	9.121	9.139	0.002867415
1102	1264.54	9.09	9.114	0.002868209
1103	1265.684	9.09	9.114	0.002868423
1104	1266.835	9.058	9.078	0.0028631
1105	1267.983	9.058	9.078	0.00286547
1106	1269.129	9.039	9.05	0.002862152
1107	1270.292	9.039	9.05	0.002860527
1108	1271.443	9.014	9.035	0.002862982
1109	1272.6	9.014	9.035	0.002855702
1110	1273.744	8.987	9.028	0.002857977
1111	1274.884	8.987	9.028	0.002855951
1112	1276.028	8.972	9.006	0.002852147
1113	1277.175	8.972	9.006	0.00285543
1114	1278.32	8.963	8.973	0.002846882
1115	1279.465	8.963	8.973	0.002849776
1116	1280.609	8.942	8.941	0.002848472
1117	1281.769	8.942	8.941	0.002841843
1118	1282.912	8.912	8.926	0.002847298
1119	1284.057	8.912	8.926	0.002838252
1120	1285.202	8.89	8.926	0.002842177
1121	1286.347	8.89	8.926	0.002841831
1122	1287.494	8.879	8.916	0.002833627
1123	1288.637	8.879	8.916	0.002839912
1124	1289.784	8.872	8.887	0.002829361
1125	1290.935	8.872	8.887	0.002831222
1126	1292.078	8.856	8.854	0.002833402
1127	1293.225	8.856	8.854	0.002821573
1128	1294.371	8.825	8.834	0.002828389
1129	1295.519	8.825	8.834	0.00281759
1130	1296.67	8.794	8.827	0.002818252
1131	1297.817	8.794	8.827	0.002820933
1132	1298.962	8.775	8.816	0.002807881
1133	1300.104	8.775	8.816	0.002814804
1134	1301.246	8.767	8.79	0.002804242
1135	1302.387	8.767	8.79	0.002805107
1136	1303.527	8.754	8.755	0.002807869
1137	1304.67	8.754	8.755	0.002791699
1138	1305.812	8.727	8.766	0.002800755
1139	1306.953	8.727	8.766	0.002787953
1140	1308.098	8.694	8.721	0.002788356
1141	1309.244	8.694	8.721	0.002792339
1142	1310.385	8.672	8.713	0.002774557
1143	1311.53	8.672	8.713	0.002783176
1144	1312.675	8.661	8.69	0.0027701
1145	1313.825	8.661	8.69	0.002768131
1146	1314.975	8.652	8.655	0.002776051
1147	1316.119	8.652	8.655	0.002755814
1148	1317.264	8.634	8.634	0.002766048
1149	1318.41	8.634	8.634	0.002755151
1150	1319.554	8.602	8.622	0.002749451
1151	1320.7	8.602	8.622	0.002757488
1152	1321.857	8.576	8.616	0.002732211
1153	1323.005	8.576	8.616	0.002742989
1154	1324.151	8.563	8.598	0.00273552
1155	1325.299	8.563	8.598	0.002722624
1156	1326.447	8.531	8.564	0.002733814
1157	1327.594	8.531	8.564	0.002705327
1158	1328.745	8.533	8.531	0.002714979
1159	1329.89	8.533	8.531	0.002714266
1160	1331.036	8.505	8.518	0.002692621
1161	1332.177	8.505	8.518	0.002706453
1162	1333.322	8.489	8.508	0.002673997
1163	1334.462	8.489	8.508	0.002683125
1164	1335.606	8.46	8.494	0.002681003
1165	1336.75	8.46	8.494	0.00265528
1166	1337.896	8.427	8.463	0.002672574
1167	1339.043	8.427	8.463	0.002633397
1168	1340.188	8.403	8.425	0.002642762
1169	1341.329	8.403	8.425	0.002645985
1170	1342.479	8.394	8.407	0.002609616
1171	1343.626	8.394	8.407	0.002633665
1172	1344.774	8.386	8.401	0.002595046
1173	1345.922	8.386	8.401	0.002605942
1174	1347.068	8.371	8.398	0.002617107
1175	1348.209	8.371	8.398	0.002569491
1176	1349.356	8.342	8.375	0.002598213
1177	1350.501	8.342	8.375	0.002552255
1178	1351.649	8.314	8.362	0.0025537
1179	1352.801	8.314	8.362	0.002570072
1180	1353.946	8.301	8.317	0.00250006
1181	1355.095	8.301	8.317	0.002536121
1182	1356.241	8.292	8.307	0.002490792
1183	1357.394	8.292	8.307	0.002475215
1184	1358.535	8.271	8.298	0.00250217
1185	1359.675	8.271	8.298	0.002409981
1186	1360.843	8.238	8.273	0.002448127
1187	1361.983	8.238	8.273	0.002412352
1188	1363.127	8.207	8.237	0.002373587
1189	1364.266	8.207	8.237	0.002414817
1190	1365.408	8.191	8.209	0.002295552
1191	1366.552	8.191	8.209	0.002350437
1192	1367.695	8.183	8.198	0.002303376
1193	1368.845	8.183	8.198	0.002255047
1194	1369.992	8.167	8.191	0.002305603
1195	1371.142	8.167	8.191	0.00216121
1196	1372.286	8.136	8.171	0.002218157
1197	1373.43	8.136	8.171	0.00218947
1198	1374.573	8.126	8.137	0.002108092
1199	1375.724	8.126	8.137	0.002182737
1200	1376.87	8.091	8.109	0.002028799
1201	1378.009	8.091	8.109	0.002086694
1202	1379.15	8.083	8.098	0.002065699
1203	1380.296	8.083	8.098	0.001966387
1204	1381.436	8.055	8.092	0.002056324
1205	1382.582	8.055	8.092	0.001897325
1206	1383.745	8.046	8.058	0.001961525
1207	1384.89	8.046	8.058	0.001982519
1208	1386.035	8.045	8.059	0.001848616
1209	1387.18	8.045	8.059	0.001929283
1210	1388.325	8.025	8.046	0.001764901
1211	1389.47	8.025	8.046	0.001801958
1212	1390.614	7.995	8.019	0.001818779
1213	1391.76	7.995	8.019	0.001654907
1214	1392.902	7.967	7.987	0.001760302
1215	1394.047	7.967	7.987	0.001609399
1216	1395.192	7.955	7.967	0.001626919
1217	1396.338	7.955	7.967	0.001653129
1218	1397.487	7.941	7.953	0.001460001
1219	1398.633	7.941	7.953	0.00155615
1220	1399.78	7.925	7.944	0.001403433
1221	1400.946	7.925	7.944	0.001373087
1222	1402.094	7.892	7.917	0.001440264
1223	1403.243	7.892	7.917	0.001237155
1224	1404.391	7.863	7.885	0.001332178
1225	1405.543	7.863	7.885	0.001253775
1226	1406.69	7.841	7.855	0.001167477
1227	1407.841	7.841	7.855	0.001246378
1228	1408.987	7.83	7.843	0.001051045
1229	1410.14	7.83	7.843	0.001124968
1230	1411.281	7.822	7.839	0.001096292
1231	1412.426	7.822	7.839	0.0009730093
1232	1413.569	7.796	7.82	0.00105792
1233	1414.714	7.796	7.82	0.0008620197
1234	1415.86	7.761	7.784	0.0009140945
1235	1417.007	7.761	7.784	0.0008962187
1236	1418.155	7.732	7.748	0.0007673048
1237	1419.295	7.732	7.748	0.0008468109
1238	1420.437	7.717	7.73	0.0006785889
1239	1421.575	7.717	7.73	0.0007215004
1240	1422.714	7.706	7.722	0.0007060546
1241	1423.858	7.706	7.722	0.0006001738
1242	1425.002	7.685	7.707	0.0006701721
1243	1426.148	7.685	7.707	0.0005192339
1244	1427.288	7.652	7.676	0.0005595377
1245	1428.432	7.652	7.676	0.0005494144
1246	1429.572	7.622	7.641	0.0004579477
1247	1430.722	7.622	7.641	0.0005148476
1248	1431.88	7.608	7.621	0.0004040827
1249	1433.031	7.608	7.621	0.0004247913
1250	1434.172	7.584	7.616	0.0004394669
1251	1435.322	7.584	7.616	0.0003433659
1252	1436.464	7.563	7.608	0.000392027
1253	1437.606	7.563	7.608	0.0003068552
1254	1438.753	7.553	7.581	0.000311917
1255	1439.895	7.553	7.581	0.0003282401
1256	1441.04	7.541	7.546	0.0002438267
1257	1442.182	7.541	7.546	0.0002812503
1258	1443.372	7.515	7.519	0.0002337509
1259	1444.519	7.515	7.519	0.0002103744
1260	1445.664	7.482	7.508	0.0002362639
1261	1446.807	7.482	7.508	0.0001650443
1262	1447.961	7.457	7.501	0.000187093
1263	1449.104	7.457	7.501	0.0001679605
1264	1450.249	7.443	7.477	0.0001436713
1265	1451.398	7.443	7.477	0.0001651154
1266	1452.541	7.432	7.444	0.0001115942
1267	1453.685	7.432	7.444	0.0001272059
1268	1454.832	7.413	7.414	0.0001202239
1269	1455.977	7.413	7.414	9.614818e-05
1270	1457.119	7.382	7.401	0.0001145339
1271	1458.263	7.382	7.401	7.824845e-05
1272	1459.412	7.354	7.395	8.779097e-05
1273	1460.559	7.354	7.395	8.578768e-05
1274	1461.703	7.341	7.381	6.865848e-05
1275	1462.863	7.341	7.381	8.064301e-05
1276	1464.004	7.336	7.354	5.794242e-05
1277	1465.146	7.336	7.354	6.268403e-05
1278	1466.304	7.321	7.323	6.514969e-05
1279	1467.448	7.321	7.323	4.784269e-05
1280	1468.595	7.293	7.306	5.572559e-05
1281	1469.759	7.293	7.306	4.41916e-05
1282	1470.902	7.262	7.298	4.291133e-05
1283	1472.047	7.262	7.298	4.605263e-05
1284	1473.194	7.244	7.285	3.466088e-05
1285	1474.336	7.244	7.285	3.961591e-05
1286	1475.481	7.235	7.261	3.394963e-05
1287	1476.624	7.235	7.261	3.183957e-05
1288	1477.767	7.223	7.228	3.483868e-05
1289	1478.913	7.223	7.228	2.725204e-05
1290	1480.056	7.197	7.207	2.988367e-05
1291	1481.2	7.197	7.207	2.622075e-05
1292	1482.34	7.166	7.196	2.527238e-05
1293	1483.481	7.166	7.196	2.616146e-05
1294	1484.622	7.144	7.185	2.200069e-05
1295	1485.771	7.144	7.185	2.26882e-05
1296	1486.916	7.127	7.158	2.132499e-05
1297	1488.059	7.127	7.158	2.038849e-05
1298	1489.206	7.094	7.124	2.086269e-05
1299	1490.35	7.094	7.124	1.815997e-05
1300	1491.493	7.078	7.099	1.929791e-05
1301	1492.635	7.078	7.099	1.793471e-05
1302	1493.786	7.067	7.087	1.731831e-05
1303	1494.929	7.067	7.087	1.821921e-05
1304	1496.077	7.049	7.077	1.667817e-05
1305	1497.221	7.049	7.077	1.724719e-05
1306	1498.368	7.025	7.057	1.664265e-05
1307	1499.512	7.025	7.057	1.634628e-05
1308	1500.657	7.0	7.031	1.65122e-05
1309	1501.802	7.0	7.031	1.645289e-05
1310	1502.999	6.983	7.006	1.595504e-05
1311	1504.144	6.983	7.006	1.582466e-05
1312	1505.324	6.968	6.992	1.53979e-05
1313	1506.468	6.968	6.992	1.554015e-05
1314	1507.611	6.953	6.98	1.565871e-05
1315	1508.761	6.953	6.98	1.505415e-05
1316	1509.907	6.927	6.96	1.576541e-05
1317	1511.049	6.927	6.96	1.504229e-05
1318	1512.193	6.903	6.934	1.523198e-05
1319	1513.344	6.903	6.934	1.505412e-05
1320	1514.491	6.881	6.907	1.505414e-05
1321	1515.643	6.881	6.907	1.455624e-05
1322	1516.787	6.868	6.907	1.500673e-05
1323	1517.931	6.868	6.907	1.523196e-05
1324	1519.076	6.854	6.886	1.507782e-05
1325	1520.225	6.854	6.886	1.468667e-05
1326	1521.372	6.831	6.863	1.461554e-05
1327	1522.519	6.831	6.863	1.45444e-05
1328	1523.662	6.803	6.838	1.486444e-05
1329	1524.807	6.803	6.838	1.467481e-05
1330	1525.951	6.778	6.807	1.433107e-05
1331	1527.09	6.778	6.807	1.424806e-05
1332	1528.234	6.763	6.787	1.396355e-05
1333	1529.379	6.763	6.787	1.455626e-05
1334	1530.52	6.751	6.787	1.439029e-05
1335	1531.663	6.751	6.787	1.449697e-05
1336	1532.814	6.732	6.762	1.490002e-05
1337	1533.959	6.732	6.762	1.436658e-05
1338	1535.098	6.704	6.738	1.506599e-05
1339	1536.242	6.704	6.738	1.441401e-05
1340	1537.382	6.677	6.708	1.466289e-05
1341	1538.526	6.677	6.708	1.492372e-05
1342	1539.668	6.659	6.711	1.397538e-05
1343	1540.812	6.659	6.711	1.537418e-05
1344	1541.954	6.647	6.671	1.440214e-05
1345	1543.098	6.647	6.671	1.468665e-05
1346	1544.24	6.631	6.661	1.467478e-05
1347	1545.383	6.631	6.661	1.459175e-05
1348	1546.524	6.6	6.62	1.449694e-05
1349	1547.67	6.6	6.62	1.435469e-05
1350	1548.823	6.587	6.61	1.431912e-05
1351	1549.967	6.587	6.61	1.469847e-05
1352	1551.114	6.564	6.589	1.460365e-05
1353	1552.259	6.564	6.589	1.434287e-05
1354	1553.409	6.536	6.561	1.455624e-05
1355	1554.555	6.536	6.561	1.423615e-05
1356	1555.698	6.512	6.533	1.454437e-05
1357	1556.844	6.512	6.533	1.39635e-05
1358	1557.996	6.499	6.519	1.392796e-05
1359	1559.14	6.499	6.519	1.468661e-05
1360	1560.287	6.486	6.509	1.449695e-05
1361	1561.432	6.486	6.509	1.409388e-05
1362	1562.633	6.466	6.492	1.429542e-05
1363	1563.777	6.466	6.492	1.455619e-05
1364	1564.924	6.438	6.463	1.41176e-05
1365	1566.07	6.438	6.463	1.395167e-05
1366	1567.216	6.411	6.434	1.497108e-05
1367	1568.362	6.411	6.434	1.41413e-05
1368	1569.505	6.395	6.416	1.440212e-05
1369	1570.647	6.395	6.416	1.416502e-05
1370	1571.792	6.384	6.406	1.415317e-05
1371	1572.94	6.384	6.406	1.492369e-05
1372	1574.085	6.372	6.397	1.441392e-05
1373	1575.23	6.372	6.397	1.405831e-05
1374	1576.374	6.347	6.373	1.411762e-05
1375	1577.519	6.347	6.373	1.411756e-05
1376	1578.663	6.319	6.343	1.443761e-05
1377	1579.808	6.319	6.343	1.492367e-05
1378	1580.951	6.299	6.32	1.436644e-05
1379	1582.101	6.299	6.32	1.409383e-05
1380	1583.247	6.285	6.307	1.44495e-05
1381	1584.389	6.285	6.307	1.409388e-05
1382	1585.529	6.26	6.295	1.469836e-05
1383	1586.674	6.26	6.295	1.461546e-05
1384	1587.818	6.247	6.274	1.480513e-05
1385	1588.962	6.247	6.274	1.482881e-05
1386	1590.105	6.219	6.245	1.474586e-05
1387	1591.252	6.219	6.245	1.45917e-05
1388	1592.446	6.196	6.218	1.430721e-05
1389	1593.587	6.196	6.218	1.457988e-05
1390	1594.73	6.181	6.204	1.506591e-05
1391	1595.89	6.181	6.204	1.42954e-05
1392	1597.032	6.168	6.192	1.510147e-05
1393	1598.179	6.168	6.192	1.405826e-05
1394	1599.32	6.146	6.173	1.453246e-05
1395	1600.463	6.146	6.173	1.493553e-05
1396	1601.606	6.12	6.144	1.456797e-05
1397	1602.751	6.12	6.144	1.459172e-05
1398	1603.899	6.102	6.115	1.449683e-05
1399	1605.044	6.102	6.115	1.42598e-05
1400	1606.185	6.075	6.098	1.482882e-05
1401	1607.329	6.075	6.098	1.485253e-05
1402	1608.47	6.047	6.087	1.450874e-05
1403	1609.614	6.047	6.087	1.468656e-05
1404	1610.76	6.028	6.071	1.498291e-05
1405	1611.907	6.028	6.071	1.475766e-05
1406	1613.05	6.015	6.044	1.475761e-05
1407	1614.197	6.015	6.044	1.430722e-05
1408	1615.339	6.001	6.015	1.479319e-05
1409	1616.484	6.001	6.015	1.433089e-05
1410	1617.628	5.973	5.997	1.462729e-05
1411	1618.77	5.973	5.997	1.441392e-05
1412	1619.916	5.957	5.99	1.44376e-05
1413	1621.06	5.957	5.99	1.429533e-05
1414	1622.254	5.942	5.985	1.455615e-05
1415	1623.395	5.942	5.985	1.437822e-05
1416	1624.537	5.936	5.971	1.401086e-05
1417	1625.681	5.936	5.971	1.434277e-05
1418	1626.827	5.929	5.948	1.492364e-05
1419	1627.977	5.929	5.948	1.436644e-05
1420	1629.12	5.913	5.928	1.45087e-05
1421	1630.262	5.913	5.928	1.414125e-05
1422	1631.405	5.887	5.916	1.40938e-05
1423	1632.547	5.887	5.916	1.416495e-05
1424	1633.696	5.855	5.898	1.463913e-05
1425	1634.844	5.855	5.898	1.429531e-05
1426	1635.988	5.838	5.878	1.422419e-05
1427	1637.131	5.838	5.878	1.469838e-05
1428	1638.274	5.823	5.849	1.485249e-05
1429	1639.418	5.823	5.849	1.416491e-05
1430	1640.559	5.804	5.819	1.463909e-05
1431	1641.701	5.804	5.819	1.429531e-05
1432	1642.848	5.777	5.802	1.474573e-05
1433	1643.998	5.777	5.802	1.482877e-05
1434	1645.144	5.746	5.786	1.443758e-05
1435	1646.288	5.746	5.786	1.410566e-05
1436	1647.434	5.728	5.771	1.441383e-05
1437	1648.579	5.728	5.771	1.441382e-05
1438	1649.737	5.714	5.746	1.421235e-05
1439	1650.877	5.714	5.746	1.452055e-05
1440	1652.069	5.696	5.714	1.467464e-05
1441	1653.21	5.696	5.714	1.393964e-05
1442	1654.354	5.659	5.692	1.417677e-05
1443	1655.503	5.659	5.692	1.447312e-05
1444	1656.647	5.641	5.672	1.416494e-05
1445	1657.788	5.641	5.672	1.444942e-05
1446	1658.929	5.619	5.656	1.405818e-05
1447	1660.07	5.619	5.656	1.463907e-05
1448	1661.21	5.593	5.631	1.39041e-05
1449	1662.353	5.593	5.631	1.487613e-05
1450	1663.497	5.568	5.605	1.423603e-05
1451	1664.647	5.568	5.605	1.45798e-05
1452	1665.791	5.551	5.582	1.429529e-05
1453	1666.933	5.551	5.582	1.42123e-05
1454	1668.078	5.535	5.567	1.401082e-05
1455	1669.221	5.535	5.567	1.417672e-05
1456	1670.371	5.525	5.558	1.417677e-05
1457	1671.517	5.525	5.558	1.412934e-05
1458	1672.663	5.499	5.539	1.452048e-05
1459	1673.807	5.499	5.539	1.369074e-05
1460	1674.955	5.469	5.507	1.479315e-05
1461	1676.096	5.469	5.507	1.425972e-05
1462	1677.248	5.463	5.481	1.455608e-05
1463	1678.393	5.463	5.481	1.378555e-05
1464	1679.543	5.434	5.466	1.449679e-05
1465	1680.689	5.434	5.466	1.423601e-05
1466	1681.89	5.42	5.454	1.427152e-05
1467	1683.032	5.42	5.454	1.385668e-05
1468	1684.174	5.397	5.436	1.402263e-05
1469	1685.315	5.397	5.436	1.486426e-05
1470	1686.458	5.37	5.408	1.386852e-05
1471	1687.599	5.37	5.408	1.440197e-05
1472	1688.744	5.347	5.381	1.424787e-05
1473	1689.889	5.347	5.381	1.410562e-05
1474	1691.031	5.333	5.365	1.473389e-05
1475	1692.175	5.333	5.365	1.484057e-05
1476	1693.316	5.32	5.353	1.401077e-05
1477	1694.459	5.32	5.353	1.443752e-05
1478	1695.599	5.299	5.337	1.437825e-05
1479	1696.745	5.299	5.337	1.471015e-05
1480	1697.894	5.277	5.311	1.447304e-05
1481	1699.034	5.277	5.311	1.388037e-05
1482	1700.179	5.251	5.286	1.446123e-05
1483	1701.324	5.251	5.286	1.440194e-05
1484	1702.475	5.236	5.268	1.371442e-05
1485	1703.614	5.236	5.268	1.385662e-05
1486	1704.769	5.222	5.255	1.435452e-05
1487	1705.911	5.222	5.255	1.439008e-05
1488	1707.064	5.188	5.241	1.420036e-05
1489	1708.205	5.188	5.241	1.466269e-05
1490	1709.349	5.173	5.201	1.48168e-05
1491	1710.488	5.173	5.201	1.430712e-05
1492	1711.703	5.162	5.189	1.425969e-05
1493	1712.846	5.162	5.189	1.439009e-05
1494	1713.985	5.138	5.169	1.508945e-05
1495	1715.126	5.138	5.169	1.421227e-05
1496	1716.264	5.11	5.14	1.444936e-05
1497	1717.405	5.11	5.14	1.449674e-05
1498	1718.545	5.086	5.14	1.430707e-05
1499	1719.688	5.086	5.14	1.427151e-05
1500	1720.829	5.07	5.1	1.38566e-05
1501	1721.969	5.07	5.1	1.425965e-05
1502	1723.113	5.055	5.086	1.473383e-05
1503	1724.259	5.055	5.086	1.433079e-05
1504	1725.408	5.032	5.065	1.388034e-05
1505	1726.558	5.032	5.065	1.447303e-05
1506	1727.706	5.004	5.045	1.367881e-05
1507	1728.863	5.004	5.045	1.378549e-05
1508	1730.01	4.978	5.009	1.395144e-05
1509	1731.161	4.978	5.009	1.372622e-05
1510	1732.311	4.961	4.992	1.428336e-05
1511	1733.455	4.961	4.992	1.356026e-05
1512	1734.599	4.949	4.981	1.450857e-05
1513	1735.748	4.949	4.981	1.440185e-05
1514	1736.899	4.931	4.965	1.423596e-05
1515	1738.042	4.931	4.965	1.405813e-05
1516	1739.184	4.905	4.942	1.380919e-05
1517	1740.327	4.905	4.942	1.384477e-05
1518	1741.515	4.879	4.912	1.450855e-05
1519	1742.664	4.879	4.912	1.388032e-05
1520	1743.811	4.861	4.893	1.405813e-05
1521	1744.96	4.861	4.893	1.404628e-05
1522	1746.106	4.848	4.881	1.441374e-05
1523	1747.26	4.848	4.881	1.345353e-05
1524	1748.402	4.834	4.869	1.410555e-05
1525	1749.544	4.834	4.869	1.447301e-05
1526	1750.687	4.812	4.847	1.428333e-05
1527	1751.834	4.812	4.847	1.43545e-05
1528	1752.977	4.785	4.833	1.405815e-05
1529	1754.118	4.785	4.833	1.408183e-05
1530	1755.262	4.763	4.796	1.452042e-05
1531	1756.405	4.763	4.796	1.434261e-05
1532	1757.545	4.748	4.783	1.382101e-05
1533	1758.686	4.748	4.783	1.374988e-05
1534	1759.828	4.719	4.77	1.439003e-05
1535	1760.979	4.719	4.77	1.479303e-05
1536	1762.12	4.714	4.751	1.42003e-05
1537	1763.265	4.714	4.751	1.463896e-05
1538	1764.415	4.691	4.725	1.482858e-05
1539	1765.568	4.691	4.725	1.467451e-05
1540	1766.717	4.672	4.698	1.439e-05
1541	1767.864	4.672	4.698	1.421216e-05
1542	1769.008	4.646	4.702	1.393956e-05
1543	1770.146	4.646	4.702	1.402256e-05
1544	1771.325	4.619	4.668	1.414106e-05
1545	1772.466	4.619	4.668	1.468638e-05
1546	1773.608	4.599	4.651	1.410551e-05
1547	1774.758	4.599	4.651	1.421222e-05
1548	1775.897	4.583	4.624	1.441374e-05
1549	1777.041	4.583	4.624	1.439002e-05
1550	1778.181	4.56	4.599	1.401068e-05
1551	1779.326	4.56	4.599	1.416478e-05
1552	1780.473	4.556	4.586	1.456781e-05
1553	1781.618	4.556	4.586	1.474563e-05
1554	1782.764	4.534	4.579	1.404627e-05
1555	1783.909	4.534	4.579	1.51961e-05
1556	1785.052	4.526	4.565	1.429519e-05
1557	1786.193	4.526	4.565	1.386843e-05
1558	1787.334	4.496	4.542	1.435442e-05
1559	1788.473	4.496	4.542	1.485232e-05
1560	1789.625	4.483	4.516	1.37973e-05
1561	1790.78	4.483	4.516	1.389214e-05
1562	1791.925	4.467	4.497	1.3738e-05
1563	1793.069	4.467	4.497	1.460335e-05
1564	1794.22	4.438	4.48	1.423592e-05
1565	1795.364	4.438	4.48	1.40581e-05
1566	1796.509	4.41	4.464	1.41885e-05
1567	1797.654	4.41	4.464	1.422401e-05
1568	1798.8	4.402	4.442	1.463898e-05
1569	1799.944	4.402	4.442	1.443744e-05
1570	1801.144	4.374	4.412	1.450854e-05
1571	1802.288	4.374	4.412	1.389214e-05
1572	1803.432	4.355	4.385	1.427147e-05
1573	1804.577	4.355	4.385	1.450851e-05
1574	1805.72	4.329	4.367	1.402253e-05
1575	1806.862	4.329	4.367	1.431891e-05
1576	1808.0	4.303	4.36	1.404619e-05
1577	1809.137	4.303	4.36	1.467449e-05
1578	1810.277	4.282	4.336	1.512492e-05
1579	1811.415	4.282	4.336	1.45441e-05
1580	1812.561	4.264	4.311	1.437814e-05
1581	1813.705	4.264	4.311	1.456782e-05
1582	1814.847	4.239	4.286	1.438998e-05
1583	1815.991	4.239	4.286	1.436627e-05
1584	1817.145	4.223	4.265	1.565836e-05
1585	1818.286	4.223	4.265	1.420033e-05
1586	1819.436	4.208	4.251	1.466263e-05
1587	1820.575	4.208	4.251	1.4793e-05
1588	1821.727	4.194	4.24	1.452035e-05
1589	1822.896	4.194	4.24	1.418847e-05
1590	1824.039	4.167	4.218	1.44611e-05
1591	1825.181	4.167	4.218	1.449668e-05
1592	1826.325	4.14	4.189	1.466262e-05
1593	1827.471	4.14	4.189	1.422403e-05
1594	1828.612	4.124	4.166	1.457965e-05
1595	1829.756	4.124	4.166	1.456773e-05
1596	1830.953	4.112	4.168	1.489966e-05
1597	1832.099	4.112	4.168	1.411736e-05
1598	1833.242	4.092	4.14	1.436622e-05
1599	1834.388	4.092	4.14	1.429516e-05
1600	1835.53	4.066	4.116	1.463889e-05
1601	1836.672	4.066	4.116	1.488784e-05
1602	1837.822	4.038	4.1	1.444929e-05
1603	1838.971	4.038	4.1	1.402244e-05
1604	1840.119	4.016	4.085	1.414105e-05
1605	1841.266	4.016	4.085	1.494711e-05
1606	1842.411	4.001	4.046	1.401066e-05
1607	1843.569	4.001	4.046	1.482858e-05
1608	1844.712	3.987	4.036	1.411733e-05
1609	1845.862	3.987	4.036	1.481674e-05
1610	1847.003	3.966	4.014	1.474562e-05
1611	1848.147	3.966	4.014	1.48997e-05
1612	1849.289	3.944	3.992	1.481672e-05
1613	1850.438	3.944	3.992	1.487599e-05
1614	1851.577	3.92	3.987	1.450854e-05
1615	1852.717	3.92	3.987	1.467447e-05
1616	1853.86	3.904	3.95	1.470996e-05
1617	1854.999	3.904	3.95	1.422403e-05
1618	1856.142	3.889	3.935	1.469818e-05
1619	1857.283	3.889	3.935	1.480483e-05
1620	1858.429	3.871	3.918	1.441364e-05
1621	1859.57	3.871	3.918	1.475745e-05
1622	1860.771	3.847	3.9	1.443738e-05
1623	1861.913	3.847	3.9	1.438995e-05
1624	1863.052	3.829	3.871	1.469815e-05
1625	1864.195	3.829	3.871	1.457964e-05
1626	1865.337	3.803	3.845	1.449666e-05
1627	1866.481	3.803	3.845	1.474556e-05
1628	1867.621	3.775	3.818	1.466261e-05
1629	1868.765	3.775	3.818	1.44018e-05
1630	1869.907	3.757	3.799	1.468629e-05
1631	1871.049	3.757	3.799	1.423587e-05
1632	1872.192	3.743	3.786	1.425955e-05
1633	1873.334	3.743	3.786	1.386839e-05
1634	1874.482	3.728	3.772	1.396322e-05
1635	1875.628	3.728	3.772	1.442552e-05
1636	1876.775	3.704	3.749	1.429512e-05
1637	1877.916	3.704	3.749	1.469813e-05
1638	1879.06	3.676	3.721	1.383283e-05
1639	1880.198	3.676	3.721	1.49589e-05
1640	1881.358	3.652	3.697	1.463885e-05
1641	1882.497	3.652	3.697	1.447293e-05
1642	1883.651	3.637	3.682	1.333492e-05
1643	1884.789	3.637	3.682	1.442551e-05
1644	1885.943	3.623	3.668	1.462705e-05
1645	1887.08	3.623	3.668	1.459144e-05
1646	1888.238	3.595	3.65	1.418843e-05
1647	1889.382	3.595	3.65	1.371421e-05
1648	1890.585	3.583	3.63	1.43188e-05
1649	1891.727	3.583	3.63	1.466255e-05
1650	1892.87	3.559	3.606	1.495893e-05
1651	1894.014	3.559	3.606	1.386836e-05
1652	1895.156	3.547	3.581	1.437805e-05
1653	1896.298	3.547	3.581	1.41647e-05
1654	1897.439	3.519	3.567	1.441365e-05
1655	1898.582	3.519	3.567	1.443733e-05
1656	1899.723	3.507	3.555	1.438989e-05
1657	1900.869	3.507	3.555	1.42595e-05
1658	1902.011	3.489	3.538	1.436617e-05
1659	1903.151	3.489	3.538	1.425952e-05
1660	1904.294	3.462	3.511	1.403427e-05
1661	1905.445	3.462	3.511	1.4544e-05
1662	1906.591	3.435	3.484	1.510116e-05
1663	1907.737	3.435	3.484	1.390385e-05
1664	1908.879	3.425	3.468	1.429507e-05
1665	1910.028	3.425	3.468	1.459141e-05
1666	1911.174	3.402	3.452	1.428323e-05
1667	1912.319	3.402	3.452	1.401053e-05
1668	1913.469	3.382	3.433	1.437804e-05
1669	1914.617	3.382	3.433	1.42595e-05
1670	1915.763	3.356	3.407	1.403427e-05
1671	1916.907	3.356	3.407	1.420021e-05
1672	1918.055	3.338	3.381	1.401053e-05
1673	1919.199	3.338	3.381	1.454401e-05
1674	1920.397	3.313	3.365	1.474551e-05
1675	1921.544	3.313	3.365	1.443728e-05
1676	1922.703	3.293	3.355	1.425949e-05
1677	1923.848	3.293	3.355	1.389203e-05
1678	1924.991	3.275	3.341	1.39987e-05
1679	1926.136	3.275	3.341	1.429504e-05
1680	1927.279	3.258	3.315	1.431877e-05
1681	1928.421	3.258	3.315	1.425949e-05
1682	1929.563	3.246	3.291	1.462698e-05
1683	1930.706	3.246	3.291	1.390382e-05
1684	1931.849	3.23	3.278	1.434245e-05
1685	1932.991	3.23	3.278	1.405799e-05
1686	1934.14	3.214	3.271	1.418837e-05
1687	1935.287	3.214	3.271	1.372606e-05
1688	1936.428	3.202	3.266	1.420022e-05
1689	1937.569	3.202	3.266	1.436617e-05
1690	1938.707	3.197	3.255	1.423575e-05
1691	1939.859	3.197	3.255	1.346527e-05
1692	1940.998	3.195	3.242	1.39394e-05
1693	1942.145	3.195	3.242	1.412907e-05
1694	1943.287	3.189	3.234	1.391571e-05
1695	1944.43	3.189	3.234	1.410538e-05
1696	1945.574	3.179	3.232	1.425945e-05
1697	1946.723	3.179	3.232	1.415279e-05
1698	1947.871	3.17	3.232	1.431876e-05
1699	1949.011	3.17	3.232	1.389197e-05
1700	1950.214	3.167	3.228	1.402239e-05
1701	1951.36	3.167	3.228	1.388015e-05
