# 2pts measurement, sourcing 1mA
# index	time	T_plat(K)	T_samp(K)	V(V)
0	0.113	3.156	3.226	0.02492847
1	1.258	3.161	3.22	0.02505718
2	2.415	3.161	3.22	0.02495115
3	3.566	3.164	3.219	0.02499505
4	4.722	3.164	3.219	0.02475577
5	5.878	3.198	3.251	0.02491114
6	7.031	3.198	3.251	0.02507
7	8.181	3.282	3.334	0.02505632
8	9.325	3.282	3.334	0.02506824
9	10.475	3.41	3.453	0.02512104
10	11.62	3.41	3.453	0.02527935
11	12.766	3.582	3.606	0.02540342
12	13.919	3.582	3.606	0.02545493
13	15.071	3.746	3.693	0.02551139
14	16.219	3.746	3.693	0.02559233
15	17.363	3.905	3.927	0.02565175
16	18.509	3.905	3.927	0.02571193
17	19.655	4.054	4.079	0.02578607
18	20.798	4.054	4.079	0.0258682
19	21.942	4.237	4.259	0.02597201
20	23.086	4.237	4.259	0.0260617
21	24.231	4.431	4.442	0.02617922
22	25.376	4.431	4.442	0.0262685
23	26.523	4.633	4.632	0.02639317
24	27.671	4.633	4.632	0.02652164
25	28.821	4.858	4.74	0.02660812
26	29.975	4.858	4.74	0.02674822
27	31.126	5.05	4.93	0.02685683
28	32.271	5.05	4.93	0.02697047
29	33.415	5.179	5.175	0.02708173
30	34.563	5.179	5.175	0.02723777
31	35.709	5.317	5.219	0.02745197
32	36.856	5.317	5.219	0.02777198
33	38.004	5.482	5.449	0.02800974
34	39.15	5.482	5.449	0.02818228
35	40.294	5.657	5.624	0.02836396
36	41.439	5.657	5.624	0.02855651
37	42.583	5.852	5.726	0.02872977
38	43.728	5.852	5.726	0.02893898
39	44.866	6.048	6.006	0.02919109
40	46.009	6.048	6.006	0.02948668
41	47.151	6.244	6.213	0.02998887
42	48.297	6.244	6.213	0.03031878
43	49.474	6.427	6.388	0.03071639
44	50.622	6.427	6.388	0.03112082
45	51.767	6.634	6.492	0.03153792
46	52.917	6.634	6.492	0.03193406
47	54.062	6.827	6.783	0.03230159
48	55.209	6.827	6.783	0.03280268
49	56.357	7.034	6.982	0.03320152
50	57.499	7.034	6.982	0.0336242
51	58.645	7.183	7.205	0.03409237
52	59.79	7.183	7.205	0.0346841
53	60.936	7.387	7.393	0.03509773
54	62.077	7.387	7.393	0.03545879
55	63.217	7.563	7.548	0.03579937
56	64.36	7.563	7.548	0.03613458
57	65.5	7.707	7.681	0.03641367
58	66.641	7.707	7.681	0.03673341
59	67.781	7.831	7.806	0.03705315
60	68.92	7.831	7.806	0.03737358
61	70.062	7.909	7.926	0.03770525
62	71.205	7.909	7.926	0.03802043
63	72.35	8.026	8.026	0.03850431
64	73.495	8.026	8.026	0.03896546
65	74.637	8.085	8.091	0.0393989
66	75.78	8.085	8.091	0.03990152
67	76.935	8.163	8.139	0.0403853
68	78.087	8.163	8.139	0.04121007
69	79.238	8.197	8.222	0.04238584
70	80.387	8.197	8.222	0.04388658
71	81.536	8.226	8.247	0.04609183
72	82.679	8.226	8.247	0.0470497
73	83.819	8.26	8.275	0.04784106
74	84.961	8.26	8.275	0.04847206
75	86.111	8.296	8.31	0.04895375
76	87.258	8.296	8.31	0.04955526
77	88.407	8.319	8.315	0.04990666
78	89.552	8.319	8.315	0.05041287
79	90.699	8.329	8.355	0.05088376
80	91.839	8.329	8.355	0.05122608
81	92.986	8.335	8.359	0.05178758
82	94.138	8.335	8.359	0.0521359
83	95.282	8.35	8.367	0.05262227
84	96.426	8.35	8.367	0.0531297
85	97.568	8.376	8.39	0.05345065
86	98.711	8.376	8.39	0.05408545
87	99.854	8.403	8.421	0.0544434
88	100.999	8.403	8.421	0.05493652
89	102.143	8.411	8.408	0.05538127
90	103.287	8.411	8.408	0.05563823
91	104.429	8.412	8.438	0.05625553
92	105.573	8.412	8.438	0.05663449
93	106.718	8.423	8.443	0.05722154
94	107.861	8.423	8.443	0.05782922
95	109.004	8.449	8.463	0.05819822
96	110.15	8.449	8.463	0.05889335
97	111.296	8.473	8.49	0.05925594
98	112.44	8.473	8.49	0.05982748
99	113.585	8.492	8.516	0.06054183
100	114.729	8.492	8.516	0.06094946
101	115.876	8.501	8.529	0.06186613
102	117.02	8.501	8.529	0.06239627
103	118.165	8.513	8.535	0.06316961
104	119.315	8.513	8.535	0.06406396
105	120.464	8.537	8.553	0.06455656
106	121.613	8.537	8.553	0.06564552
107	122.762	8.568	8.583	0.06638498
108	123.901	8.568	8.583	0.06727169
109	125.041	8.594	8.615	0.06844772
110	126.181	8.594	8.615	0.06918
111	127.326	8.608	8.635	0.07080328
112	128.471	8.608	8.635	0.07194529
113	129.613	8.639	8.644	0.07354404
114	130.755	8.639	8.644	0.07592352
115	131.898	8.66	8.657	0.07764542
116	133.044	8.66	8.657	0.08153538
117	134.184	8.67	8.685	0.08489791
118	135.327	8.67	8.685	0.08977273
119	136.473	8.684	8.7	0.09779359
120	137.617	8.684	8.7	0.104623
121	138.762	8.709	8.743	0.1212263
122	139.907	8.709	8.743	0.1385733
123	141.049	8.736	8.749	0.1721841
124	142.319	8.736	8.749	0.2784359
125	143.465	8.758	8.755	0.7851258
126	144.611	8.758	8.755	0.9651663
127	145.754	8.768	8.778	1.025099
128	146.898	8.768	8.778	1.051153
129	148.042	8.779	8.812	1.071063
130	149.186	8.779	8.812	1.083185
131	150.327	8.802	8.841	1.093062
132	151.472	8.802	8.841	1.102202
133	152.612	8.827	8.849	1.107583
134	153.751	8.827	8.849	1.115761
135	154.899	8.853	8.854	1.121434
136	156.043	8.853	8.854	1.127186
137	157.185	8.866	8.884	1.133551
138	158.33	8.866	8.884	1.137461
139	159.474	8.875	8.901	1.143657
140	160.616	8.875	8.901	1.147953
141	161.759	8.91	8.935	1.152258
142	162.907	8.91	8.935	1.156912
143	164.051	8.921	8.951	1.159517
144	165.196	8.921	8.951	1.1641
145	166.338	8.95	8.956	1.167286
146	167.488	8.95	8.956	1.170561
147	168.641	8.968	8.969	1.174668
148	169.786	8.968	8.969	1.177091
149	170.935	8.978	8.997	1.18103
150	172.078	8.978	8.997	1.183918
151	173.221	8.994	9.032	1.186525
152	174.363	8.994	9.032	1.189995
153	175.508	9.021	9.056	1.191844
154	176.651	9.021	9.056	1.194969
155	177.797	9.051	9.065	1.197114
156	178.945	9.051	9.065	1.199133
157	180.093	9.071	9.079	1.202039
158	181.241	9.071	9.079	1.20374
159	182.383	9.083	9.096	1.206319
160	183.529	9.083	9.096	1.208569
161	184.671	9.118	9.13	1.210332
162	185.816	9.118	9.13	1.212783
163	186.966	9.132	9.157	1.214227
164	188.117	9.132	9.157	1.216444
165	189.266	9.14	9.169	1.218257
166	190.417	9.14	9.169	1.219301
167	191.565	9.152	9.17	1.221236
168	192.712	9.152	9.17	1.22239
169	193.857	9.179	9.187	1.22411
170	195.002	9.179	9.187	1.225797
171	196.151	9.208	9.217	1.226962
172	197.298	9.208	9.217	1.22897
173	198.444	9.226	9.248	1.230236
174	199.588	9.226	9.248	1.231762
175	200.73	9.237	9.264	1.233458
176	201.874	9.237	9.264	1.234494
177	203.018	9.252	9.273	1.236336
178	204.16	9.252	9.273	1.237476
179	205.307	9.277	9.299	1.238786
180	206.45	9.277	9.299	1.240254
181	207.598	9.308	9.315	1.24108
182	208.746	9.308	9.315	1.242733
183	209.89	9.33	9.347	1.2438
184	211.036	9.33	9.347	1.244992
185	212.178	9.34	9.368	1.246392
186	213.322	9.34	9.368	1.247226
187	214.467	9.353	9.377	1.248694
188	215.613	9.353	9.377	1.249725
189	216.755	9.377	9.389	1.250779
190	217.899	9.377	9.389	1.252069
191	219.043	9.407	9.414	1.252835
192	220.186	9.407	9.414	1.25416
193	221.329	9.434	9.446	1.255086
194	222.471	9.434	9.446	1.256048
195	223.616	9.448	9.473	1.257302
196	224.762	9.448	9.473	1.25796
197	225.907	9.457	9.484	1.259216
198	227.053	9.457	9.484	1.259996
199	228.198	9.477	9.492	1.260841
200	229.342	9.477	9.492	1.261951
201	230.487	9.507	9.513	1.262593
202	231.631	9.507	9.513	1.263707
203	232.775	9.535	9.536	1.264461
204	233.92	9.535	9.536	1.265157
205	235.066	9.547	9.571	1.266062
206	236.21	9.547	9.571	1.266463
207	237.353	9.552	9.581	1.267413
208	238.496	9.552	9.581	1.268062
209	239.641	9.587	9.613	1.268713
210	240.786	9.587	9.613	1.269722
211	241.931	9.599	9.63	1.270204
212	243.075	9.599	9.63	1.271167
213	244.216	9.61	9.637	1.271883
214	245.358	9.61	9.637	1.272492
215	246.502	9.634	9.652	1.273441
216	247.647	9.634	9.652	1.273947
217	248.793	9.665	9.681	1.274863
218	249.943	9.665	9.681	1.275572
219	251.088	9.693	9.715	1.276223
220	252.234	9.693	9.715	1.277175
221	253.381	9.71	9.741	1.277689
222	254.53	9.71	9.741	1.278571
223	255.676	9.72	9.751	1.279297
224	256.824	9.72	9.751	1.279821
225	257.97	9.739	9.759	1.280673
226	259.114	9.739	9.759	1.281134
227	260.258	9.771	9.784	1.281868
228	261.403	9.771	9.784	1.282558
229	262.551	9.801	9.819	1.282968
230	263.696	9.801	9.819	1.283809
231	264.844	9.818	9.848	1.284197
232	265.989	9.818	9.848	1.284825
233	267.135	9.821	9.855	1.285434
234	268.283	9.821	9.855	1.285768
235	269.434	9.833	9.858	1.286564
236	270.583	9.833	9.858	1.286965
237	271.733	9.862	9.876	1.287542
238	272.879	9.862	9.876	1.288233
239	274.022	9.896	9.909	1.288525
240	275.165	9.896	9.909	1.289259
241	276.314	9.918	9.945	1.28969
242	277.465	9.918	9.945	1.290205
243	278.627	9.92	9.96	1.290893
244	279.771	9.92	9.96	1.291165
245	280.923	9.935	9.964	1.291923
246	282.066	9.935	9.964	1.29239
247	283.213	9.959	9.974	1.292785
248	284.363	9.959	9.974	1.293448
249	285.515	9.994	10.005	1.293725
250	286.664	9.994	10.005	1.294398
251	287.816	10.023	10.045	1.294825
252	288.962	10.023	10.045	1.295123
253	290.107	10.03	10.065	1.295775
254	291.253	10.03	10.065	1.296013
255	292.404	10.034	10.066	1.296616
256	293.552	10.034	10.066	1.297054
257	294.703	10.077	10.07	1.29727
258	295.855	10.077	10.07	1.297777
259	297.003	10.072	10.088	1.297953
260	298.15	10.072	10.088	1.29839
261	299.296	10.081	10.125	1.298842
262	300.441	10.081	10.125	1.299067
263	301.588	10.113	10.154	1.299642
264	302.735	10.113	10.154	1.299945
265	303.879	10.151	10.163	1.300372
266	305.026	10.151	10.163	1.300834
267	306.176	10.176	10.174	1.301099
268	307.322	10.176	10.174	1.30167
269	308.467	10.181	10.185	1.301972
270	309.614	10.181	10.185	1.302378
271	310.764	10.192	10.224	1.302953
272	311.911	10.192	10.224	1.303216
273	313.057	10.22	10.266	1.30386
274	314.201	10.22	10.266	1.304258
275	315.346	10.256	10.28	1.304543
276	316.492	10.256	10.28	1.305032
277	317.638	10.287	10.281	1.305202
278	318.784	10.287	10.281	1.305706
279	319.931	10.296	10.292	1.306026
280	321.079	10.296	10.292	1.306382
281	322.225	10.299	10.325	1.306949
282	323.372	10.299	10.325	1.307212
283	324.521	10.318	10.364	1.307458
284	325.668	10.318	10.364	1.307847
285	326.815	10.349	10.382	1.308127
286	327.963	10.349	10.382	1.308553
287	329.111	10.381	10.381	1.308774
288	330.259	10.381	10.381	1.309193
289	331.405	10.395	10.386	1.309565
290	332.551	10.395	10.386	1.309794
291	333.696	10.398	10.414	1.310285
292	334.843	10.398	10.414	1.310564
293	335.987	10.413	10.456	1.310954
294	337.133	10.413	10.456	1.311336
295	338.279	10.445	10.485	1.311541
296	339.425	10.445	10.485	1.31203
297	340.571	10.485	10.492	1.312252
298	341.717	10.485	10.492	1.312664
299	342.866	10.507	10.496	1.313004
300	344.015	10.507	10.496	1.313197
301	345.159	10.512	10.517	1.313665
302	346.307	10.512	10.517	1.313947
303	347.454	10.52	10.557	1.314267
304	348.601	10.52	10.557	1.314658
305	349.749	10.565	10.593	1.314831
306	350.895	10.565	10.593	1.315262
307	352.043	10.568	10.605	1.315484
308	353.188	10.568	10.605	1.315764
309	354.333	10.613	10.604	1.31614
310	355.479	10.613	10.604	1.316219
311	356.622	10.605	10.608	1.316488
312	357.767	10.605	10.608	1.316582
313	358.912	10.634	10.631	1.316786
314	360.056	10.634	10.631	1.317072
315	361.202	10.65	10.669	1.317274
316	362.349	10.65	10.669	1.317602
317	363.498	10.652	10.687	1.317849
318	364.645	10.652	10.687	1.318089
319	365.792	10.665	10.689	1.31844
320	366.937	10.665	10.689	1.318636
321	368.082	10.699	10.699	1.319009
322	369.231	10.699	10.699	1.319283
323	370.374	10.741	10.733	1.319491
324	371.524	10.741	10.733	1.319979
325	372.673	10.773	10.781	1.320185
326	373.817	10.773	10.781	1.320579
327	374.96	10.78	10.812	1.32088
328	376.106	10.78	10.812	1.321094
329	377.249	10.788	10.818	1.321439
330	378.4	10.788	10.818	1.32166
331	379.549	10.816	10.822	1.321879
332	380.693	10.816	10.822	1.322169
333	381.838	10.853	10.846	1.322318
334	382.982	10.853	10.846	1.322636
335	384.124	10.88	10.884	1.322779
336	385.265	10.88	10.884	1.322639
337	386.411	10.883	10.915	1.322904
338	387.56	10.883	10.915	1.323027
339	388.708	10.88	10.915	1.32328
340	389.856	10.88	10.915	1.32344
341	391.004	10.898	10.913	1.323655
342	392.151	10.898	10.913	1.324007
343	393.297	10.936	10.93	1.324077
344	394.443	10.936	10.93	1.324423
345	395.591	10.972	10.968	1.324623
346	396.733	10.972	10.968	1.324878
347	397.879	10.981	11.004	1.325097
348	399.027	10.981	11.004	1.325163
349	400.177	10.975	11.011	1.325464
350	401.327	10.975	11.011	1.325516
351	402.473	10.99	11.011	1.325707
352	403.629	10.99	11.011	1.326023
353	404.773	11.033	11.068	1.326151
354	405.921	11.033	11.068	1.326515
355	407.07	11.045	11.078	1.326714
356	408.216	11.045	11.078	1.326902
357	409.365	11.064	11.098	1.339462
358	410.513	11.064	11.098	1.340666
359	411.663	11.102	11.106	1.339914
360	412.812	11.102	11.106	1.339592
361	413.962	11.138	11.15	1.339525
362	415.109	11.138	11.15	1.339754
363	416.255	11.127	11.178	1.33984
364	417.399	11.127	11.178	1.339999
365	418.545	11.153	11.189	1.340211
366	419.692	11.153	11.189	1.340384
367	420.841	11.171	11.189	1.341332
368	421.99	11.171	11.189	1.341026
369	423.137	11.208	11.212	1.341665
370	424.283	11.208	11.212	1.342001
371	425.431	11.245	11.252	1.342091
372	426.576	11.245	11.252	1.342721
373	427.72	11.258	11.285	1.342799
374	428.866	11.258	11.285	1.342957
375	430.01	11.256	11.292	1.343159
376	431.155	11.256	11.292	1.343205
377	432.298	11.259	11.287	1.343403
378	433.444	11.259	11.287	1.343558
379	434.594	11.291	11.297	1.343708
380	435.739	11.291	11.297	1.343937
381	436.885	11.303	11.332	1.344052
382	438.033	11.303	11.332	1.344268
383	439.178	11.344	11.364	1.344349
384	440.325	11.344	11.364	1.344548
385	441.472	11.346	11.382	1.344711
386	442.619	11.346	11.382	1.344811
387	443.764	11.352	11.383	1.345022
388	444.916	11.352	11.383	1.345212
389	446.064	11.38	11.391	1.345317
390	447.213	11.38	11.391	1.345515
391	448.358	11.413	11.415	1.345605
392	449.507	11.413	11.415	1.345802
393	450.651	11.441	11.455	1.345917
394	451.799	11.441	11.455	1.346114
395	452.945	11.452	11.484	1.346325
396	454.089	11.452	11.484	1.346405
397	455.235	11.455	11.49	1.346547
398	456.385	11.455	11.49	1.346687
399	457.534	11.47	11.502	1.34681
400	458.68	11.47	11.502	1.346761
401	459.834	11.502	11.51	1.346843
402	460.981	11.502	11.51	1.347077
403	462.128	11.518	11.554	1.347255
404	463.275	11.518	11.554	1.34734
405	464.42	11.551	11.59	1.347601
406	465.565	11.551	11.59	1.347783
407	466.709	11.589	11.604	1.347935
408	467.855	11.589	11.604	1.348073
409	469.003	11.615	11.604	1.34818
410	470.15	11.615	11.604	1.348378
411	471.301	11.621	11.618	1.34853
412	472.445	11.621	11.618	1.348732
413	473.59	11.628	11.655	1.348861
414	474.737	11.628	11.655	1.348916
415	475.881	11.656	11.698	1.349061
416	477.024	11.656	11.698	1.349258
417	478.167	11.695	11.717	1.3494
418	479.315	11.695	11.717	1.349608
419	480.466	11.726	11.719	1.349694
420	481.637	11.726	11.719	1.349898
421	482.778	11.736	11.728	1.35003
422	483.923	11.736	11.728	1.35016
423	485.065	11.738	11.773	1.350374
424	486.208	11.738	11.773	1.350439
425	487.355	11.756	11.796	1.350567
426	488.509	11.756	11.796	1.350672
427	489.657	11.789	11.821	1.350793
428	490.806	11.789	11.821	1.350957
429	491.951	11.823	11.824	1.351007
430	493.099	11.823	11.824	1.351101
431	494.241	11.837	11.825	1.351248
432	495.387	11.837	11.825	1.351426
433	496.528	11.838	11.848	1.35153
434	497.677	11.838	11.848	1.351537
435	498.821	11.851	11.887	1.351783
436	499.966	11.851	11.887	1.351892
437	501.105	11.881	11.919	1.351961
438	502.249	11.881	11.919	1.352157
439	503.393	11.916	11.927	1.352168
440	504.545	11.916	11.927	1.35237
441	505.696	11.938	11.926	1.352456
442	506.843	11.938	11.926	1.352529
443	507.998	11.939	11.941	1.352676
444	509.144	11.939	11.941	1.352765
445	510.289	11.956	11.983	1.352892
446	511.437	11.956	11.983	1.353155
447	512.588	12.013	12.048	1.353301
448	513.735	12.013	12.048	1.35361
449	514.886	12.093	12.036	1.353961
450	516.03	12.093	12.036	1.354366
451	517.175	12.208	12.191	1.354788
452	518.321	12.208	12.191	1.35521
453	519.471	12.366	12.314	1.355794
454	520.622	12.366	12.314	1.356411
455	521.772	12.56	12.496	1.35708
456	522.924	12.56	12.496	1.3576
457	524.075	12.733	12.69	1.358198
458	525.225	12.733	12.69	1.358822
459	526.375	12.89	12.873	1.359305
460	527.526	12.89	12.873	1.359772
461	528.675	13.044	13.016	1.360298
462	529.829	13.044	13.016	1.360728
463	530.98	13.247	13.19	1.361302
464	532.131	13.247	13.19	1.361756
465	533.279	13.465	13.391	1.362134
466	534.425	13.465	13.391	1.362618
467	535.57	13.676	13.609	1.36311
468	536.713	13.676	13.609	1.36353
469	537.855	13.874	13.829	1.363941
470	539.002	13.874	13.829	1.364238
471	540.152	14.072	14.04	1.364663
472	541.297	14.072	14.04	1.36494
473	542.443	14.267	14.214	1.365254
474	543.589	14.267	14.214	1.365533
475	544.732	14.472	14.413	1.365755
476	545.875	14.472	14.413	1.365994
477	547.015	14.611	14.516	1.366066
478	548.156	14.611	14.516	1.366284
479	549.299	14.666	14.626	1.366366
480	550.443	14.666	14.626	1.366503
481	551.587	14.646	14.667	1.366482
482	552.733	14.646	14.667	1.366569
483	553.877	14.578	14.625	1.366494
484	555.021	14.578	14.625	1.366448
485	556.163	14.477	14.584	1.366451
486	557.305	14.477	14.584	1.366344
487	558.447	14.367	14.406	1.366268
488	559.588	14.367	14.406	1.366182
489	560.732	14.194	14.26	1.366044
490	561.874	14.194	14.26	1.365901
491	563.018	13.986	14.156	1.365761
492	564.163	13.986	14.156	1.365603
493	565.305	13.777	13.871	1.365317
494	566.446	13.777	13.871	1.365187
495	567.589	13.578	13.653	1.36489
496	568.733	13.578	13.653	1.364618
497	569.874	13.396	13.445	1.364303
498	571.014	13.396	13.445	1.36403
499	572.153	13.141	13.155	1.363712
500	573.494	13.141	13.155	1.363353
501	574.798	13.141	13.155	1.362861
502	576.201	13.141	13.155	1.362326
503	577.342	12.742	12.755	1.361865
504	578.625	12.742	12.755	1.36142
505	579.767	12.519	12.553	1.360811
506	580.909	12.519	12.553	1.360307
507	582.052	12.324	12.364	1.35984
508	583.194	12.324	12.364	1.359317
509	584.335	12.18	12.202	1.358882
510	585.482	12.18	12.202	1.358355
511	586.623	12.078	12.086	1.358031
512	587.767	12.078	12.086	1.357619
513	588.914	12.0	12.014	1.357255
514	590.062	12.0	12.014	1.35689
515	591.211	11.92	11.956	1.356618
516	592.358	11.92	11.956	1.356218
517	593.498	11.849	11.894	1.356008
518	594.665	11.849	11.894	1.355687
519	595.813	11.801	11.829	1.35553
520	596.958	11.801	11.829	1.355268
521	598.115	11.783	11.793	1.355023
522	599.257	11.783	11.793	1.35492
523	600.404	11.771	11.782	1.354656
524	601.545	11.771	11.782	1.354494
525	602.689	11.743	11.775	1.354309
526	603.828	11.743	11.775	1.35412
527	604.967	11.705	11.749	1.35398
528	606.105	11.705	11.749	1.353791
529	607.244	11.678	11.71	1.353611
530	608.383	11.678	11.71	1.353526
531	609.523	11.673	11.685	1.35337
532	610.669	11.673	11.685	1.353299
533	611.816	11.674	11.682	1.353063
534	612.961	11.674	11.682	1.352987
535	614.108	11.658	11.684	1.352731
536	615.252	11.658	11.684	1.352724
537	616.4	11.627	11.669	1.352502
538	617.544	11.627	11.669	1.352298
539	618.691	11.593	11.628	1.352211
540	619.837	11.593	11.628	1.351967
541	620.984	11.583	11.597	1.351884
542	622.129	11.583	11.597	1.351717
543	623.276	11.582	11.588	1.351569
544	624.437	11.582	11.588	1.351436
545	625.584	11.568	11.588	1.351286
546	626.731	11.568	11.588	1.351114
547	627.875	11.534	11.573	1.350956
548	629.021	11.534	11.573	1.350691
549	630.164	11.524	11.535	1.350627
550	631.307	11.524	11.535	1.350483
551	632.452	11.503	11.501	1.350197
552	633.596	11.503	11.501	1.350315
553	634.741	11.478	11.498	1.350076
554	635.887	11.478	11.498	1.349976
555	637.032	11.451	11.501	1.349821
556	638.176	11.451	11.501	1.349621
557	639.32	11.439	11.489	1.349509
558	640.465	11.439	11.489	1.349271
559	641.611	11.438	11.457	1.349194
560	642.755	11.438	11.457	1.349021
561	643.902	11.419	11.418	1.348783
562	645.054	11.419	11.418	1.348675
563	646.2	11.387	11.394	1.348399
564	647.345	11.387	11.394	1.348318
565	648.49	11.341	11.388	1.34811
566	649.635	11.341	11.388	1.347868
567	650.778	11.324	11.376	1.347722
568	651.921	11.324	11.376	1.34751
569	653.063	11.32	11.347	1.347356
570	654.205	11.32	11.347	1.347193
571	655.344	11.305	11.306	1.346976
572	656.483	11.305	11.306	1.346866
573	657.623	11.27	11.278	1.346615
574	658.763	11.27	11.278	1.346519
575	659.903	11.235	11.274	1.346245
576	661.043	11.235	11.274	1.346051
577	662.18	11.216	11.27	1.345924
578	663.324	11.216	11.27	1.345659
579	664.462	11.213	11.247	1.345534
580	665.601	11.213	11.247	1.34536
581	666.742	11.204	11.207	1.345152
582	667.883	11.204	11.207	1.344989
583	669.023	11.174	11.177	1.344774
584	670.163	11.174	11.177	1.344705
585	671.304	11.136	11.168	1.344429
586	672.453	11.136	11.168	1.344241
587	673.598	11.115	11.169	1.344172
588	674.736	11.115	11.169	1.343932
589	675.876	11.111	11.152	1.343743
590	677.015	11.111	11.152	1.343613
591	678.153	11.113	11.12	1.343449
592	679.298	11.113	11.12	1.343335
593	680.437	11.095	11.094	1.343013
594	681.577	11.095	11.094	1.343053
595	682.716	11.059	11.081	1.342838
596	683.863	11.059	11.081	1.342572
597	685.009	11.03	11.082	1.342453
598	686.153	11.03	11.082	1.342135
599	687.296	11.021	11.07	1.342009
600	688.436	11.021	11.07	1.341855
601	689.575	10.988	11.034	1.341555
602	690.714	10.988	11.034	1.341474
603	691.851	10.972	10.996	1.341149
604	692.996	10.972	10.996	1.3411
605	694.142	10.973	10.979	1.34092
606	695.287	10.973	10.979	1.340641
607	696.445	10.965	10.984	1.340586
608	697.591	10.965	10.984	1.340283
609	698.741	10.935	10.979	1.340168
610	699.894	10.935	10.979	1.33997
611	701.045	10.898	10.949	1.339657
612	702.196	10.898	10.949	1.339608
613	703.348	10.877	10.908	1.339256
614	704.499	10.877	10.908	1.33908
615	705.648	10.871	10.883	1.338967
616	706.795	10.871	10.883	1.338666
617	707.944	10.864	10.878	1.338518
618	709.091	10.864	10.878	1.338143
619	710.238	10.833	10.873	1.338007
620	711.384	10.833	10.873	1.337776
621	712.529	10.793	10.845	1.337392
622	713.671	10.793	10.845	1.337272
623	714.815	10.766	10.801	1.337037
624	715.961	10.766	10.801	1.33674
625	717.104	10.757	10.771	1.336635
626	718.248	10.757	10.771	1.336305
627	719.392	10.755	10.767	1.33617
628	720.537	10.755	10.767	1.335874
629	721.682	10.734	10.767	1.335629
630	722.828	10.734	10.767	1.335487
631	723.973	10.696	10.748	1.335122
632	725.13	10.696	10.748	1.334963
633	726.275	10.664	10.707	1.334699
634	727.421	10.664	10.707	1.334371
635	728.566	10.654	10.672	1.334217
636	729.712	10.654	10.672	1.333894
637	730.858	10.652	10.663	1.333775
638	732.003	10.652	10.663	1.333552
639	733.149	10.639	10.665	1.333257
640	734.294	10.639	10.665	1.333102
641	735.441	10.605	10.654	1.3327
642	736.587	10.605	10.654	1.332508
643	737.731	10.572	10.618	1.332392
644	738.876	10.572	10.618	1.332146
645	740.022	10.569	10.589	1.332029
646	741.168	10.569	10.589	1.331745
647	742.313	10.551	10.59	1.331518
648	743.461	10.551	10.59	1.331385
649	744.61	10.525	10.549	1.330985
650	745.753	10.525	10.549	1.33088
651	746.903	10.516	10.526	1.330432
652	748.048	10.516	10.526	1.330217
653	749.193	10.509	10.522	1.329973
654	750.338	10.509	10.522	1.32953
655	751.494	10.485	10.516	1.329352
656	752.642	10.485	10.516	1.328984
657	753.787	10.447	10.487	1.328688
658	754.938	10.447	10.487	1.328495
659	756.082	10.417	10.466	1.328039
660	757.228	10.417	10.466	1.327954
661	758.371	10.406	10.419	1.327579
662	759.516	10.406	10.419	1.327242
663	760.66	10.402	10.413	1.326989
664	761.801	10.402	10.413	1.326585
665	762.945	10.386	10.413	1.326421
666	764.09	10.386	10.413	1.326041
667	765.236	10.352	10.391	1.325726
668	766.378	10.352	10.391	1.325468
669	767.515	10.348	10.35	1.324973
670	768.652	10.348	10.35	1.324808
671	769.79	10.301	10.317	1.324548
672	770.929	10.301	10.317	1.324181
673	772.066	10.299	10.309	1.323936
674	773.212	10.299	10.309	1.323456
675	774.348	10.287	10.309	1.323344
676	775.486	10.287	10.309	1.32292
677	776.624	10.256	10.294	1.322523
678	777.763	10.256	10.294	1.322278
679	778.904	10.22	10.256	1.321793
680	780.043	10.22	10.256	1.321549
681	781.181	10.201	10.22	1.321216
682	782.32	10.201	10.22	1.320856
683	783.463	10.196	10.206	1.320648
684	784.609	10.196	10.206	1.320133
685	785.755	10.186	10.205	1.319832
686	786.899	10.186	10.205	1.319361
687	788.043	10.159	10.195	1.319033
688	789.188	10.159	10.195	1.318827
689	790.333	10.122	10.16	1.318234
690	791.472	10.122	10.16	1.317962
691	792.611	10.097	10.12	1.317504
692	793.75	10.097	10.12	1.317231
693	794.889	10.09	10.102	1.316933
694	796.032	10.09	10.102	1.316352
695	797.176	10.085	10.101	1.316109
696	798.319	10.085	10.101	1.315738
697	799.461	10.047	10.1	1.315449
698	800.602	10.047	10.1	1.315273
699	801.741	10.051	10.08	1.31482
700	802.882	10.051	10.08	1.314631
701	804.025	10.041	10.042	1.31414
702	805.167	10.041	10.042	1.313777
703	806.309	10.007	10.017	1.313471
704	807.448	10.007	10.017	1.312884
705	808.588	9.969	10.009	1.31264
706	809.73	9.969	10.009	1.312061
707	810.871	9.949	10.006	1.311679
708	812.011	9.949	10.006	1.311272
709	813.151	9.942	9.982	1.310626
710	814.294	9.942	9.982	1.310345
711	815.436	9.931	9.939	1.309714
712	816.579	9.931	9.939	1.309342
713	817.721	9.901	9.907	1.308831
714	818.864	9.901	9.907	1.308157
715	820.007	9.862	9.895	1.307937
716	821.152	9.862	9.895	1.307274
717	822.295	9.838	9.893	1.306923
718	823.441	9.838	9.893	1.306357
719	824.586	9.83	9.876	1.305788
720	825.729	9.83	9.876	1.305495
721	826.875	9.822	9.838	1.304787
722	828.017	9.822	9.838	1.304353
723	829.163	9.799	9.804	1.303958
724	830.31	9.799	9.804	1.303227
725	831.458	9.767	9.792	1.302932
726	832.6	9.767	9.792	1.302348
727	833.745	9.741	9.79	1.301875
728	834.895	9.741	9.79	1.30143
729	836.037	9.73	9.777	1.300795
730	837.193	9.73	9.777	1.300359
731	838.337	9.723	9.747	1.299778
732	839.483	9.723	9.747	1.299148
733	840.628	9.706	9.714	1.29882
734	841.781	9.706	9.714	1.298135
735	842.942	9.674	9.695	1.297621
736	844.091	9.674	9.695	1.297025
737	845.243	9.647	9.69	1.296382
738	846.395	9.647	9.69	1.295932
739	847.545	9.629	9.677	1.295149
740	848.692	9.629	9.677	1.294592
741	849.839	9.62	9.649	1.29401
742	850.985	9.62	9.649	1.293298
743	852.139	9.605	9.616	1.292832
744	853.288	9.605	9.616	1.29205
745	854.448	9.577	9.594	1.291513
746	855.592	9.577	9.594	1.290899
747	856.74	9.563	9.587	1.290124
748	857.885	9.563	9.587	1.289651
749	859.032	9.542	9.579	1.288985
750	860.18	9.542	9.579	1.288364
751	861.623	9.515	9.559	1.287864
752	862.775	9.515	9.559	1.287097
753	863.924	9.491	9.529	1.286137
754	865.075	9.491	9.529	1.28562
755	866.226	9.475	9.5	1.284833
756	867.377	9.475	9.5	1.283907
757	868.517	9.466	9.489	1.283413
758	869.657	9.466	9.489	1.282359
759	870.8	9.447	9.481	1.281806
760	871.944	9.447	9.481	1.281037
761	873.089	9.417	9.46	1.280014
762	874.231	9.417	9.46	1.279415
763	875.375	9.387	9.428	1.278384
764	876.514	9.387	9.428	1.277614
765	877.658	9.368	9.395	1.276743
766	878.8	9.368	9.395	1.275689
767	879.939	9.358	9.38	1.275043
768	881.083	9.358	9.38	1.273947
769	882.229	9.342	9.374	1.273212
770	883.376	9.342	9.374	1.272259
771	884.523	9.315	9.358	1.271267
772	885.667	9.315	9.358	1.270596
773	886.815	9.285	9.327	1.269479
774	887.956	9.285	9.327	1.268623
775	889.097	9.286	9.295	1.267648
776	890.236	9.286	9.295	1.266605
777	891.374	9.259	9.279	1.266064
778	892.518	9.259	9.279	1.264892
779	893.664	9.25	9.277	1.264158
780	894.806	9.25	9.277	1.263117
781	895.951	9.227	9.267	1.261816
782	897.119	9.227	9.267	1.261123
783	898.264	9.195	9.239	1.259819
784	899.413	9.195	9.239	1.258844
785	900.563	9.172	9.205	1.257822
786	901.711	9.172	9.205	1.256341
787	902.855	9.16	9.183	1.255532
788	903.998	9.16	9.183	1.25404
789	905.142	9.148	9.174	1.25281
790	906.286	9.148	9.174	1.251802
791	907.432	9.127	9.165	1.250089
792	908.577	9.127	9.165	1.249176
793	909.721	9.094	9.14	1.247504
794	910.862	9.094	9.14	1.246266
795	912.002	9.085	9.113	1.245206
796	913.141	9.085	9.113	1.243361
797	914.298	9.056	9.091	1.242458
798	915.467	9.056	9.091	1.240803
799	916.657	9.024	9.057	1.238981
800	917.799	9.024	9.057	1.237873
801	918.944	9.003	9.026	1.235905
802	920.089	9.003	9.026	1.234681
803	921.239	8.996	9.017	1.233419
804	922.389	8.996	9.017	1.23154
805	923.535	8.987	9.012	1.23047
806	924.687	8.987	9.012	1.228592
807	925.833	8.963	8.997	1.227029
808	926.986	8.963	8.997	1.22557
809	928.136	8.931	8.966	1.223228
810	929.287	8.931	8.966	1.221967
811	930.435	8.907	8.932	1.219871
812	931.584	8.907	8.932	1.217879
813	932.733	8.896	8.916	1.216353
814	933.889	8.896	8.916	1.213636
815	935.05	8.885	8.908	1.212152
816	936.213	8.885	8.908	1.209752
817	937.364	8.86	8.883	1.206816
818	938.518	8.86	8.883	1.205032
819	939.733	8.826	8.862	1.20199
820	940.918	8.826	8.862	1.199278
821	942.08	8.799	8.827	1.197419
822	943.255	8.799	8.827	1.194193
823	944.404	8.784	8.805	1.191622
824	945.573	8.784	8.805	1.189321
825	946.724	8.775	8.797	1.185792
826	947.876	8.775	8.797	1.183844
827	949.022	8.758	8.788	1.180992
828	950.169	8.758	8.788	1.178001
829	951.317	8.732	8.768	1.176154
830	952.466	8.732	8.768	1.172262
831	953.614	8.704	8.735	1.169949
832	954.761	8.704	8.735	1.166612
833	955.909	8.687	8.709	1.162559
834	957.055	8.687	8.709	1.160021
835	958.205	8.678	8.699	1.155373
836	959.355	8.678	8.699	1.152565
837	960.507	8.666	8.694	1.148991
838	961.655	8.666	8.694	1.143891
839	962.796	8.638	8.673	1.14114
840	963.942	8.638	8.673	1.13572
841	965.09	8.607	8.64	1.131864
842	966.254	8.607	8.64	1.128183
843	967.4	8.605	8.643	1.122425
844	968.546	8.605	8.643	1.119384
845	969.693	8.576	8.603	1.11341
846	970.836	8.576	8.603	1.108027
847	971.98	8.548	8.598	1.103198
848	973.126	8.548	8.598	1.095178
849	974.275	8.533	8.58	1.090687
850	975.44	8.533	8.58	1.082585
851	976.586	8.523	8.548	1.074077
852	977.731	8.523	8.548	1.067163
853	978.876	8.502	8.512	1.05615
854	980.046	8.502	8.512	1.048819
855	981.206	8.472	8.495	1.038868
856	982.353	8.472	8.495	1.025985
857	983.499	8.441	8.488	1.017072
858	984.669	8.441	8.488	1.001986
859	985.835	8.424	8.475	0.9885113
860	987.138	8.424	8.475	0.9743947
861	988.285	8.415	8.447	0.9520705
862	989.494	8.402	8.413	0.9283177
863	990.638	8.402	8.413	0.9066993
864	991.806	8.374	8.39	0.8692772
865	992.985	8.374	8.39	0.8258256
866	994.156	8.343	8.383	0.7592931
867	995.314	8.343	8.383	0.5398778
868	996.546	8.323	8.375	0.08935428
869	997.709	8.323	8.375	0.07299619
870	998.916	8.314	8.341	0.0688578
871	1000.107	8.314	8.341	0.06707366
872	1001.324	8.305	8.319	0.0657059
873	1002.515	8.305	8.319	0.06428772
874	1003.722	8.28	8.29	0.06324886
875	1004.895	8.28	8.29	0.06248519
876	1006.041	8.248	8.279	0.06144555
877	1007.185	8.248	8.279	0.06081288
878	1008.331	8.224	8.274	0.06011656
879	1009.478	8.224	8.274	0.0592824
880	1010.625	8.221	8.254	0.05884086
881	1011.772	8.221	8.254	0.05812731
882	1012.92	8.207	8.224	0.05773097
883	1014.062	8.207	8.224	0.05727434
884	1015.209	8.192	8.199	0.05660314
