# 2pts measurement, sourcing 1mA
# index	time	T_plat(K)	T_samp(K)	V(V)
0	0.115	3.68	3.767	0.002461768
1	1.262	3.68	3.767	0.002461679
2	2.41	3.678	3.764	0.002459303
3	3.564	3.678	3.764	0.002457012
4	4.715	3.68	3.766	0.002461851
5	5.951	3.68	3.766	0.002459219
6	7.121	3.667	3.767	0.002461256
7	8.311	3.667	3.767	0.002459559
8	9.458	3.668	3.761	0.002460747
9	10.649	3.687	3.76	0.002459897
10	11.803	3.687	3.76	0.002457861
11	12.954	3.741	3.788	0.002459473
12	14.104	3.741	3.788	0.002456337
13	15.252	3.81	3.883	0.002457438
14	16.402	3.81	3.883	0.00245888
15	17.556	3.924	3.992	0.002458625
16	18.7	3.924	3.992	0.002461935
17	19.845	4.081	4.136	0.002458201
18	20.998	4.081	4.136	0.002460747
19	22.155	4.254	4.291	0.002465755
20	23.3	4.254	4.291	0.002464736
21	24.455	4.434	4.462	0.002462616
22	25.605	4.434	4.462	0.002463292
23	26.748	4.602	4.628	0.002467706
24	27.901	4.602	4.628	0.002463037
25	29.045	4.796	4.834	0.002467622
26	30.19	4.796	4.834	0.002466011
27	31.337	4.99	4.918	0.002467707
28	32.482	4.99	4.918	0.002467874
29	33.638	5.181	5.2	0.002468213
30	34.786	5.181	5.2	0.002471015
31	35.942	5.36	5.372	0.0024638
32	37.107	5.36	5.372	0.002469317
33	38.26	5.524	5.534	0.002472966
34	39.413	5.524	5.534	0.002467366
35	40.567	5.689	5.716	0.002470251
36	41.72	5.689	5.716	0.002471864
37	42.87	5.809	5.85	0.002474834
38	44.014	5.809	5.85	0.002471781
39	45.16	5.944	5.974	0.002474071
40	46.307	5.944	5.974	0.00247076
41	47.452	6.106	6.11	0.002477889
42	48.595	6.106	6.11	0.002479075
43	49.736	6.262	6.261	0.002485525
44	50.889	6.262	6.261	0.002483574
45	52.037	6.419	6.433	0.002488071
46	53.197	6.419	6.433	0.002484763
47	54.343	6.568	6.591	0.002491212
48	55.495	6.568	6.591	0.002485693
49	56.641	6.76	6.756	0.002492569
50	57.788	6.76	6.756	0.002497239
51	58.947	6.898	6.89	0.002494692
52	60.11	6.898	6.89	0.002500123
53	61.265	7.046	7.03	0.002504789
54	62.417	7.046	7.03	0.002514972
55	63.579	7.201	7.178	0.002526429
56	64.729	7.201	7.178	0.002540092
57	65.873	7.359	7.338	0.002548578
58	67.018	7.359	7.338	0.002561308
59	68.169	7.485	7.483	0.002571916
60	69.315	7.485	7.483	0.002582268
61	70.464	7.582	7.587	0.002630131
62	71.616	7.582	7.587	0.002643114
63	72.766	7.682	7.682	0.002662634
64	73.914	7.682	7.682	0.002763873
65	75.069	7.787	7.781	0.002736802
66	76.223	7.787	7.781	0.002857222
67	77.375	7.889	7.879	0.002963467
68	78.526	7.889	7.879	0.003129033
69	79.671	7.991	7.988	0.003858166
70	80.821	7.991	7.988	0.003939636
71	81.969	8.074	8.086	0.00507899
72	83.115	8.074	8.086	0.006151386
73	84.274	8.147	8.155	0.007742804
74	85.422	8.147	8.155	0.01027601
75	86.567	8.239	8.234	0.01037182
76	87.714	8.239	8.234	0.0122236
77	88.855	8.322	8.32	0.01283595
78	89.999	8.322	8.32	0.012936
79	91.144	8.381	8.388	0.01356432
80	92.294	8.381	8.388	0.01335862
81	93.46	8.435	8.45	0.01380236
82	94.62	8.435	8.45	0.01409641
83	95.774	8.491	8.505	0.0141238
84	96.922	8.491	8.505	0.01453506
85	98.069	8.561	8.565	0.01464046
86	99.214	8.561	8.565	0.01501962
87	100.371	8.667	8.629	0.01537484
88	101.519	8.667	8.629	0.01538265
89	102.668	8.761	8.722	0.01581674
90	103.813	8.761	8.722	0.01594903
91	104.962	8.857	8.855	0.01614954
92	106.111	8.857	8.855	0.01648026
93	107.257	8.948	8.969	0.01647433
94	108.408	8.948	8.969	0.01684662
95	109.554	9.049	9.074	0.01699224
96	110.707	9.049	9.074	0.01716246
97	111.854	9.132	9.165	0.01754477
98	113.006	9.132	9.165	0.01755793
99	114.16	9.218	9.252	0.01796094
100	115.308	9.218	9.252	0.01824913
101	116.457	9.31	9.336	0.01835613
102	117.603	9.31	9.336	0.01879546
103	118.748	9.405	9.425	0.01884417
104	119.897	9.405	9.425	0.01936022
105	121.047	9.516	9.537	0.01982824
106	122.201	9.516	9.537	0.0200229
107	123.35	9.619	9.649	0.02065385
108	124.496	9.619	9.649	0.020741
109	125.644	9.706	9.742	0.021333
110	126.794	9.706	9.742	0.02198219
111	127.956	9.815	9.847	0.02207843
112	129.107	9.815	9.847	0.02307147
113	130.249	9.939	9.958	0.02319113
114	131.396	9.939	9.958	0.02384024
115	132.54	10.058	10.071	0.02466322
116	133.687	10.058	10.071	0.02463277
117	134.855	10.184	10.205	0.0256883
118	136.004	10.184	10.205	0.02621884
119	137.15	10.306	10.342	0.0268597
120	138.301	10.306	10.342	0.02812509
121	139.451	10.403	10.439	0.0278784
122	140.599	10.403	10.439	0.02993445
123	141.744	10.513	10.535	0.03155767
124	142.895	10.513	10.535	0.03300619
125	144.042	10.645	10.654	0.0587533
126	145.192	10.645	10.654	0.05173311
127	146.534	10.784	10.796	0.1525684
128	147.692	10.784	10.796	0.4846084
129	148.837	10.893	10.922	0.5268
130	149.986	10.893	10.922	0.6493036
131	151.135	10.998	11.038	0.7444724
132	152.281	10.998	11.038	0.7422687
133	153.431	11.121	11.151	0.8100036
134	154.586	11.121	11.151	0.8268534
135	155.734	11.277	11.289	0.8471536
136	156.88	11.277	11.289	0.874222
137	158.034	11.467	11.475	0.8747956
138	159.18	11.467	11.475	0.893099
139	160.332	11.634	11.654	0.9005795
140	161.492	11.634	11.654	0.9063741
141	162.644	11.798	11.835	0.915727
142	163.79	11.798	11.835	0.9153531
143	164.934	11.926	11.965	0.9233236
144	166.084	11.926	11.965	0.9271601
145	167.225	12.083	12.105	0.9295118
146	168.367	12.083	12.105	0.9348836
147	169.507	12.281	12.268	0.9358253
148	170.651	12.281	12.268	0.9403036
149	171.795	12.441	12.45	0.9431129
150	172.935	12.441	12.45	0.9453447
151	174.075	12.631	12.657	0.94945
152	175.218	12.631	12.657	0.9501472
153	176.362	12.876	12.869	0.9535507
154	177.506	12.876	12.869	0.9554769
155	178.65	13.04	13.071	0.9571847
156	179.796	13.04	13.071	0.9593562
157	180.936	13.308	13.282	0.9599981
158	182.077	13.308	13.282	0.9622532
159	183.218	13.513	13.499	0.9635043
160	184.372	13.513	13.499	0.9644879
161	185.515	13.727	13.499	0.9660315
162	186.659	13.727	13.499	0.9666334
163	187.802	13.956	13.818	0.9681857
164	188.947	13.956	13.818	0.9690603
165	190.089	14.142	14.177	0.9699336
166	191.236	14.142	14.177	0.9708821
167	192.381	14.417	14.293	0.9712793
168	193.526	14.417	14.293	0.9722862
169	194.672	14.624	14.602	0.9728862
170	195.817	14.624	14.602	0.9734702
171	196.973	14.828	14.836	0.9742267
172	198.115	14.828	14.836	0.9745136
173	199.26	15.072	15.068	0.9751902
174	200.401	15.072	15.068	0.9756315
175	201.549	15.303	15.287	0.9760292
176	202.694	15.303	15.287	0.9765713
177	203.854	15.537	15.512	0.9768289
178	205.002	15.537	15.512	0.9772618
179	206.147	15.753	15.732	0.9775704
180	207.296	15.753	15.732	0.9778495
181	208.443	15.976	15.96	0.9782053
182	209.589	15.976	15.96	0.978392
183	210.733	16.258	16.198	0.9786937
184	211.882	16.258	16.198	0.9789007
185	213.026	16.477	16.431	0.9790798
186	214.173	16.477	16.431	0.9792908
187	215.319	16.7	16.653	0.9794208
188	216.474	16.7	16.653	0.9796054
189	217.623	16.938	16.881	0.9797665
190	218.771	16.938	16.881	0.9798683
191	219.921	17.193	17.121	0.9800015
192	221.069	17.193	17.121	0.9800875
193	222.215	17.455	17.384	0.9801677
194	223.366	17.455	17.384	0.9802405
195	224.513	17.717	17.653	0.980287
196	225.663	17.717	17.653	0.9803339
197	226.814	17.963	17.914	0.980349
198	227.974	17.963	17.914	0.9803653
199	229.118	18.189	18.146	0.9803786
200	230.264	18.189	18.146	0.9803812
201	231.411	18.391	18.349	0.9803606
202	232.56	18.391	18.349	0.9803554
203	233.71	18.58	18.534	0.9803364
204	234.857	18.58	18.534	0.9803219
205	236.005	18.753	18.715	0.980315
206	237.154	18.753	18.715	0.9802719
207	238.3	18.911	18.881	0.9802513
208	239.448	18.911	18.881	0.9802092
209	240.594	19.072	19.043	0.9801711
210	241.745	19.072	19.043	0.980145
211	242.894	19.227	19.199	0.9800755
212	244.059	19.227	19.199	0.9800387
213	245.205	19.396	19.358	0.9799788
214	246.351	19.396	19.358	0.9799147
215	247.499	19.578	19.535	0.9798719
216	248.665	19.578	19.535	0.9797966
217	249.814	19.746	19.717	0.9797553
218	250.964	19.746	19.717	0.9797114
219	252.109	19.878	19.863	0.9796731
220	253.261	19.878	19.863	0.9796793
221	254.422	19.939	19.955	0.9796944
222	255.573	19.939	19.955	0.9796972
223	256.719	19.929	19.951	0.979721
224	257.865	19.929	19.951	0.9797803
225	259.018	19.867	19.905	0.9798442
226	260.168	19.867	19.905	0.9799006
227	261.318	19.694	19.698	0.9799612
228	262.469	19.694	19.698	0.9800285
229	263.62	19.514	19.511	0.9800855
230	264.772	19.514	19.511	0.9801635
231	265.92	19.281	19.275	0.9802352
232	267.067	19.281	19.275	0.9802777
233	268.214	19.018	19.014	0.9803377
234	269.362	19.018	19.014	0.9803553
235	270.512	18.752	18.753	0.980386
236	271.661	18.752	18.753	0.9803935
237	272.81	18.487	18.485	0.980406
238	273.962	18.487	18.485	0.9803945
239	275.113	18.241	18.235	0.9803847
240	276.26	18.241	18.235	0.9803782
241	277.411	18.004	18.121	0.9803268
242	278.56	18.004	18.121	0.9802995
243	279.709	17.767	17.771	0.9802252
244	280.855	17.767	17.771	0.9801617
245	282.007	17.535	17.546	0.9800954
246	283.158	17.535	17.546	0.9799964
247	284.309	17.321	17.331	0.9799218
248	285.46	17.321	17.331	0.9798008
249	286.609	17.109	17.11	0.9796766
250	287.758	17.109	17.11	0.9795609
251	288.908	16.899	16.898	0.9793853
252	290.06	16.899	16.898	0.979282
253	291.208	16.697	16.705	0.9791453
254	292.358	16.697	16.705	0.9789579
255	293.506	16.514	16.534	0.9788272
256	294.656	16.514	16.534	0.9785965
257	295.804	16.329	16.346	0.9783974
258	296.95	16.329	16.346	0.9781854
259	298.097	16.131	16.25	0.9778405
260	299.245	16.131	16.25	0.9776567
261	300.396	15.925	15.925	0.9773101
262	301.547	15.925	15.925	0.976978
263	302.7	15.718	15.731	0.976724
264	303.853	15.718	15.731	0.9762442
265	305.003	15.508	15.533	0.9760153
266	306.152	15.508	15.533	0.9756034
267	307.298	15.313	15.335	0.9750887
268	308.445	15.313	15.335	0.9748735
269	309.592	15.134	15.143	0.9742839
270	310.741	15.134	15.143	0.9740059
271	311.894	14.975	14.978	0.9736162
272	313.041	14.975	14.978	0.9730128
273	314.193	14.821	14.837	0.9729075
274	315.346	14.821	14.837	0.9723461
275	316.493	14.667	14.71	0.9720205
276	317.638	14.667	14.71	0.9717973
277	318.785	14.552	14.581	0.9711131
278	319.931	14.552	14.581	0.9710872
279	321.08	14.438	14.533	0.970553
280	322.229	14.438	14.533	0.9701215
281	323.38	14.325	14.366	0.9699938
282	324.531	14.325	14.366	0.969234
283	325.683	14.231	14.28	0.9692261
284	326.831	14.231	14.28	0.9688118
285	327.979	14.156	14.197	0.9681761
286	329.129	14.156	14.197	0.968197
287	330.279	14.068	14.101	0.9673746
288	331.434	14.068	14.101	0.9672167
289	332.584	13.982	14.004	0.9669207
290	333.729	13.982	14.004	0.9659519
291	334.88	13.88	13.917	0.9660613
292	336.029	13.88	13.917	0.9652733
293	337.181	13.793	13.843	0.9648504
294	338.346	13.793	13.843	0.9646996
295	339.497	13.72	13.765	0.9635278
296	340.644	13.72	13.765	0.9636159
297	341.793	13.645	13.67	0.9629084
298	342.942	13.645	13.67	0.9619884
299	344.091	13.548	13.566	0.9620587
300	345.236	13.548	13.566	0.9606879
301	346.387	13.446	13.548	0.9606748
302	347.536	13.446	13.548	0.9601146
303	348.682	13.356	13.408	0.9587517
304	349.834	13.356	13.408	0.9589186
305	350.985	13.278	13.329	0.9574651
306	352.132	13.278	13.329	0.9570273
307	353.283	13.189	13.228	0.9567214
308	354.438	13.189	13.228	0.9550563
309	355.588	13.107	13.131	0.9555465
310	356.74	13.107	13.131	0.954348
311	357.891	13.053	13.061	0.9534661
312	359.134	13.053	13.061	0.9534744
313	360.283	12.951	13.0	0.9516547
314	361.448	12.951	13.0	0.9510913
315	362.599	12.876	12.93	0.951089
316	363.83	12.876	12.859	0.948955
317	364.98	12.818	12.859	0.9485912
318	366.173	12.75	12.765	0.9483096
319	367.321	12.75	12.765	0.9453722
320	368.471	12.662	12.673	0.9456735
321	369.619	12.662	12.673	0.944485
322	370.764	12.571	12.604	0.9422972
323	371.911	12.571	12.604	0.9425598
324	373.059	12.473	12.56	0.9389507
325	374.208	12.473	12.56	0.9389131
326	375.354	12.367	12.439	0.9377891
327	376.502	12.367	12.439	0.9344102
328	377.648	12.278	12.342	0.9349192
329	378.801	12.278	12.342	0.9306084
330	379.951	12.194	12.235	0.9298727
331	381.101	12.194	12.235	0.9291247
332	382.25	12.126	12.157	0.9237281
333	383.397	12.126	12.157	0.9246238
334	384.546	12.029	12.086	0.9198317
335	385.697	12.029	12.086	0.9171297
336	386.844	11.909	11.995	0.9159551
337	387.995	11.909	11.995	0.9072756
338	389.141	11.803	11.872	0.9087899
339	390.289	11.803	11.872	0.9034463
340	391.434	11.719	11.765	0.896925
341	392.579	11.719	11.765	0.8974239
342	393.727	11.64	11.675	0.8829136
343	394.873	11.64	11.675	0.8852944
344	396.023	11.556	11.603	0.8784686
345	397.175	11.556	11.603	0.86373
346	398.327	11.442	11.519	0.8662181
347	399.478	11.442	11.519	0.8419424
348	400.623	11.332	11.409	0.8398448
349	401.767	11.332	11.409	0.8315768
350	402.912	11.243	11.366	0.791728
351	404.057	11.243	11.366	0.8029061
352	405.204	11.174	11.205	0.7517199
353	406.353	11.174	11.205	0.739405
354	407.499	11.091	11.138	0.7253892
355	408.643	11.091	11.138	0.5900832
356	409.788	10.98	11.056	0.6202146
357	410.938	10.98	11.056	0.429059
358	412.087	10.866	10.945	0.3159479
359	413.231	10.866	10.945	0.3120599
360	414.46	10.778	10.831	0.05648245
361	415.608	10.778	10.831	0.05124742
362	416.75	10.701	10.739	0.04079442
363	417.91	10.701	10.739	0.03139203
364	419.058	10.614	10.66	0.03192504
365	420.205	10.614	10.66	0.02920784
366	421.35	10.502	10.574	0.02860109
367	422.496	10.502	10.574	0.02850531
368	423.641	10.406	10.421	0.02684317
369	424.79	10.406	10.421	0.02698412
370	425.942	10.299	10.332	0.02599227
371	427.086	10.299	10.332	0.02535732
372	428.236	10.169	10.211	0.02531286
373	429.382	10.169	10.211	0.02412005
374	430.529	10.05	10.081	0.02412656
375	431.677	10.05	10.081	0.02353653
376	432.829	9.956	9.973	0.02282081
377	433.974	9.956	9.973	0.02284854
378	435.123	9.876	9.894	0.02186407
379	436.267	9.876	9.894	0.02178881
380	437.412	9.778	9.809	0.02146447
381	438.557	9.778	9.809	0.02082901
382	439.705	9.67	9.708	0.02077079
383	440.853	9.67	9.708	0.02008324
384	442.002	9.564	9.596	0.01985387
385	443.147	9.564	9.596	0.01959172
386	444.299	9.471	9.495	0.01901017
387	445.443	9.471	9.495	0.01895908
388	446.59	9.392	9.415	0.01850456
389	447.737	9.392	9.415	0.0183266
390	448.881	9.316	9.346	0.0182734
391	450.028	9.316	9.346	0.0178508
392	451.173	9.235	9.273	0.01786496
393	452.317	9.235	9.273	0.01755393
394	453.459	9.151	9.187	0.01739737
395	454.604	9.151	9.187	0.01733278
396	455.746	9.075	9.102	0.01694353
397	456.887	9.075	9.102	0.01693079
398	458.029	9.003	9.026	0.01661426
399	459.173	9.003	9.026	0.01639608
400	460.331	8.917	8.946	0.01634083
401	461.477	8.917	8.946	0.01587579
402	462.62	8.822	8.86	0.01579374
403	463.764	8.822	8.86	0.0154587
404	464.91	8.707	8.746	0.01516464
405	466.056	8.707	8.746	0.01505043
406	467.201	8.603	8.634	0.01444086
407	468.347	8.603	8.634	0.01432257
408	469.494	8.505	8.531	0.01405143
409	470.641	8.505	8.531	0.01361533
410	471.792	8.414	8.443	0.01346207
411	472.939	8.414	8.443	0.01175846
412	474.083	8.258	8.333	0.01061113
413	475.229	8.258	8.333	0.009086422
414	476.385	8.156	8.207	0.006118716
415	477.532	8.156	8.207	0.005238957
416	478.677	8.036	8.072	0.003642192
417	479.831	8.036	8.072	0.0032447
418	480.978	7.901	7.944	0.003048669
419	482.127	7.901	7.944	0.002776518
420	483.273	7.784	7.85	0.002742575
421	484.419	7.784	7.85	0.002654234
422	485.566	7.67	7.75	0.002602212
423	486.712	7.67	7.75	0.002606286
424	487.862	7.564	7.628	0.002576754
425	489.011	7.564	7.628	0.002567248
426	490.16	7.463	7.497	0.00255189
427	491.304	7.463	7.497	0.002541112
428	492.468	7.35	7.497	0.002531184
429	493.613	7.35	7.497	0.002522355
430	494.758	7.204	7.349	0.002513278
431	495.91	7.204	7.349	0.002513532
432	497.058	7.059	7.142	0.00250411
433	498.204	7.059	7.142	0.002510902
434	499.351	6.935	7.052	0.002502924
435	500.498	6.935	7.052	0.002493419
436	501.644	6.788	6.843	0.002492653
437	502.79	6.788	6.843	0.002488836
438	503.936	6.656	6.713	0.002485103
439	505.079	6.656	6.713	0.002481112
440	506.236	6.493	6.65	0.002477807
441	507.384	6.493	6.65	0.002476787
442	508.532	6.321	6.417	0.002477549
443	509.681	6.321	6.417	0.002475683
444	510.839	6.147	6.246	0.002474071
445	511.987	6.147	6.246	0.002469487
446	513.132	5.915	6.008	0.002470082
447	514.286	5.915	6.008	0.002468553
448	515.431	5.687	5.89	0.002468215
449	516.58	5.687	5.89	0.002473139
450	517.728	5.416	5.661	0.002464735
451	518.877	5.416	5.661	0.002462529
452	520.025	5.194	5.392	0.002465415
453	521.174	5.194	5.392	0.002463378
454	522.325	5.022	5.136	0.00246533
455	523.474	5.022	5.136	0.002463122
456	524.625	4.877	5.05	0.00246414
457	525.772	4.877	5.05	0.002464058
458	526.922	4.754	4.862	0.002468386
459	528.068	4.754	4.862	0.002462104
460	529.215	4.658	4.757	0.002464057
461	530.364	4.658	4.757	0.002464992
462	531.509	4.577	4.72	0.00246584
463	532.659	4.577	4.72	0.002462191
