# 2pts measurement, sourcing 1mA
# index	time	T_plat(K)	T_samp(K)	V(V)
0	0.113	3.763	3.852	0.002913486
1	1.27	3.763	3.852	0.002912893
2	2.422	3.769	3.857	0.002914337
3	3.578	3.769	3.857	0.002915696
4	4.724	3.772	3.863	0.002914252
5	5.87	3.772	3.863	0.002913399
6	7.014	3.767	3.861	0.002913827
7	8.16	3.767	3.861	0.00291357
8	9.302	3.761	3.854	0.002914675
9	10.449	3.761	3.854	0.002913659
10	11.599	3.763	3.851	0.002915016
11	12.745	3.763	3.851	0.002913994
12	13.892	3.803	3.898	0.002913574
13	15.037	3.803	3.898	0.002913317
14	16.182	3.888	3.973	0.002914589
15	17.335	3.888	3.973	0.002913402
16	18.479	4.007	4.09	0.002913403
17	19.647	4.007	4.09	0.002914079
18	20.791	4.148	4.227	0.002912979
19	21.941	4.148	4.227	0.002915441
20	23.088	4.278	4.356	0.002913825
21	24.234	4.278	4.356	0.002913573
22	25.377	4.444	4.521	0.002913571
23	26.522	4.444	4.521	0.002913909
24	27.666	4.628	4.698	0.002913316
25	28.809	4.628	4.698	0.002912638
26	29.956	4.822	4.887	0.002913573
27	31.105	4.822	4.887	0.002913572
28	32.256	5.023	5.083	0.002912295
29	33.43	5.023	5.083	0.002912808
30	34.6	5.216	5.273	0.002913061
31	35.77	5.216	5.273	0.002912808
32	36.94	5.397	5.453	0.002913317
33	38.11	5.397	5.453	0.002912214
34	39.283	5.576	5.628	0.002912469
35	40.45	5.576	5.628	0.002911621
36	41.622	5.716	5.764	0.00291459
37	42.872	5.716	5.764	0.002911024
38	44.041	5.865	5.913	0.002913402
39	45.291	6.014	5.986	0.00291281
40	46.451	6.014	5.986	0.002910177
41	47.621	6.187	6.136	0.00291026
42	48.776	6.187	6.136	0.002914082
43	49.941	6.345	6.392	0.002912043
44	51.101	6.345	6.392	0.002911367
45	52.261	6.501	6.478	0.00291145
46	53.421	6.501	6.478	0.002911279
47	54.581	6.687	6.725	0.002911109
48	55.751	6.687	6.725	0.002911279
49	56.912	6.857	6.895	0.002910855
50	58.072	6.857	6.895	0.002910855
51	59.232	7.039	6.971	0.00291179
52	60.392	7.039	6.971	0.002910261
53	61.562	7.23	7.271	0.002911109
54	62.732	7.23	7.271	0.002909413
55	63.892	7.414	7.451	0.002910177
56	65.062	7.414	7.451	0.002911958
57	66.232	7.586	7.616	0.002911705
58	67.392	7.586	7.616	0.002911111
59	68.572	7.743	7.709	0.002911194
60	69.743	7.743	7.709	0.002912129
61	70.913	7.85	7.885	0.002911872
62	72.083	7.85	7.885	0.002913572
63	73.253	7.948	7.987	0.002912638
64	74.423	7.948	7.987	0.002913316
65	75.583	8.043	8.054	0.002913061
66	76.753	8.043	8.054	0.002913656
67	77.913	8.111	8.111	0.002914165
68	79.073	8.111	8.111	0.002917136
69	80.243	8.159	8.167	0.00291493
70	81.414	8.159	8.167	0.002918494
71	82.574	8.194	8.237	0.002919681
72	83.724	8.194	8.237	0.002917729
73	84.884	8.245	8.283	0.002921887
74	86.054	8.245	8.283	0.002921634
75	87.214	8.278	8.307	0.002921206
76	88.375	8.278	8.307	0.002923499
77	89.534	8.312	8.321	0.00292503
78	90.694	8.312	8.321	0.002924178
79	91.855	8.331	8.343	0.00293012
80	93.004	8.331	8.343	0.002925281
81	94.175	8.341	8.374	0.002935212
82	95.335	8.341	8.374	0.002928083
83	96.495	8.358	8.409	0.002931648
84	97.655	8.358	8.409	0.002933681
85	98.815	8.385	8.427	0.002933176
86	99.975	8.385	8.427	0.002934194
87	101.135	8.412	8.428	0.002939285
88	102.305	8.412	8.428	0.002934615
89	103.475	8.425	8.434	0.002942423
90	104.645	8.425	8.434	0.002938011
91	105.816	8.427	8.455	0.002936145
92	106.986	8.427	8.455	0.002946327
93	108.156	8.434	8.484	0.002940983
94	109.456	8.434	8.484	0.002947094
95	110.636	8.457	8.47	0.002949383
96	111.826	8.485	8.508	0.0029504
97	112.986	8.485	8.508	0.002950404
98	114.146	8.501	8.51	0.002957952
99	115.306	8.501	8.51	0.002951504
100	116.476	8.508	8.525	0.002955576
101	117.636	8.508	8.525	0.002967629
102	118.796	8.51	8.553	0.002951503
103	119.957	8.51	8.553	0.002966778
104	121.117	8.544	8.577	0.00296661
105	122.277	8.544	8.577	0.002970429
106	123.449	8.55	8.588	0.002986126
107	124.607	8.55	8.588	0.002973144
108	125.777	8.563	8.591	0.002983582
109	126.947	8.563	8.591	0.003007598
110	128.127	8.588	8.622	0.002981544
111	129.297	8.588	8.622	0.003003438
112	130.457	8.614	8.633	0.003023553
113	131.627	8.614	8.633	0.002998604
114	132.8	8.631	8.66	0.003030767
115	133.968	8.631	8.66	0.003029067
116	135.138	8.636	8.674	0.003027879
117	136.308	8.636	8.674	0.003075658
118	137.478	8.644	8.676	0.003040016
119	138.648	8.644	8.676	0.003058939
120	139.828	8.667	8.686	0.003121736
121	140.998	8.667	8.686	0.00306191
122	142.168	8.697	8.713	0.003115541
123	143.328	8.697	8.713	0.003178
124	144.498	8.696	8.745	0.003114013
125	145.659	8.696	8.745	0.003197434
126	146.819	8.728	8.765	0.003197771
127	147.979	8.728	8.765	0.003182666
128	149.139	8.733	8.754	0.003320651
129	150.299	8.733	8.754	0.003206429
130	151.459	8.753	8.774	0.00331505
131	152.629	8.753	8.774	0.003426134
132	153.799	8.782	8.797	0.00330733
133	154.96	8.782	8.797	0.003474592
134	156.121	8.811	8.832	0.003499201
135	157.29	8.811	8.832	0.003459655
136	158.45	8.824	8.832	0.003715602
137	159.62	8.824	8.832	0.003541126
138	160.79	8.83	8.843	0.003692263
139	161.95	8.83	8.843	0.003994965
140	163.13	8.847	8.873	0.00368768
141	164.3	8.847	8.873	0.004011003
142	165.47	8.877	8.905	0.004247006
143	166.718	8.877	8.905	0.003945404
144	167.89	8.904	8.921	0.004315068
145	169.2	8.913	8.939	0.004699402
146	170.37	8.913	8.939	0.004494208
147	171.541	8.945	8.97	0.004636181
148	172.711	8.945	8.97	0.005251431
149	173.891	8.97	9.003	0.004743617
150	175.061	8.97	9.003	0.005232085
151	176.231	8.985	9.024	0.005894601
152	177.401	8.985	9.024	0.005186853
153	178.581	8.992	9.029	0.005919124
154	179.741	8.992	9.029	0.006417513
155	180.901	9.012	9.039	0.005805917
156	182.061	9.012	9.039	0.006857438
157	183.221	9.041	9.065	0.006566703
158	184.382	9.041	9.065	0.00680695
159	185.543	9.068	9.097	0.008003241
160	186.702	9.068	9.097	0.006886039
161	187.862	9.083	9.12	0.008028367
162	189.023	9.083	9.12	0.008843122
163	190.212	9.089	9.127	0.00774077
164	191.372	9.089	9.127	0.009421373
165	192.532	9.103	9.133	0.009462278
166	193.712	9.103	9.133	0.009333121
167	194.882	9.131	9.155	0.01159383
168	196.052	9.131	9.155	0.01009289
169	197.223	9.159	9.186	0.01130853
170	198.393	9.159	9.186	0.01399119
171	199.563	9.179	9.214	0.01123572
172	200.733	9.179	9.214	0.01403378
173	201.903	9.186	9.225	0.01649588
174	203.073	9.186	9.225	0.01329853
175	204.243	9.196	9.229	0.01786258
176	205.413	9.196	9.229	0.018746
177	206.583	9.22	9.244	0.01735519
178	207.753	9.22	9.244	0.0296656
179	208.924	9.253	9.277	0.02247923
180	210.094	9.253	9.277	0.02862944
181	211.264	9.277	9.31	0.06889572
182	212.424	9.277	9.31	0.03070304
183	213.584	9.289	9.328	0.07355264
184	214.744	9.289	9.328	0.1365779
185	215.904	9.299	9.334	0.06201369
186	217.084	9.299	9.334	0.1815047
187	218.384	9.318	9.344	0.24811
188	219.796	9.347	9.371	0.2888684
189	221.164	9.347	9.371	0.3083628
190	222.324	9.375	9.405	0.2353981
191	223.485	9.375	9.405	0.3608442
192	224.645	9.39	9.428	0.3359096
193	225.805	9.39	9.428	0.3602314
194	226.975	9.417	9.437	0.4321474
195	228.145	9.417	9.437	0.3679462
196	229.315	9.417	9.445	0.4327485
197	230.485	9.417	9.445	0.4658633
198	231.655	9.442	9.465	0.4123255
199	232.825	9.442	9.465	0.4703835
200	233.995	9.449	9.492	0.4806108
201	235.166	9.449	9.492	0.4599802
202	236.336	9.469	9.515	0.5064252
203	237.506	9.469	9.515	0.4931411
204	238.676	9.499	9.525	0.5026185
205	239.846	9.499	9.525	0.5340014
206	241.016	9.521	9.531	0.5078457
207	242.186	9.521	9.531	0.5337503
208	243.356	9.532	9.549	0.5533795
209	244.526	9.532	9.549	0.5312431
210	245.696	9.543	9.58	0.5574949
211	246.856	9.543	9.58	0.5654695
212	248.027	9.563	9.609	0.5539553
213	249.187	9.563	9.609	0.5759394
214	250.347	9.59	9.623	0.5693493
215	251.597	9.59	9.623	0.5756182
216	252.757	9.617	9.629	0.589078
217	253.987	9.632	9.644	0.5913675
218	255.147	9.632	9.644	0.5860989
219	256.308	9.644	9.675	0.602072
220	257.467	9.644	9.675	0.594574
221	258.637	9.662	9.709	0.6024148
222	259.798	9.662	9.709	0.6128679
223	260.968	9.692	9.731	0.6016058
224	262.128	9.692	9.731	0.613719
225	263.288	9.721	9.737	0.6178201
226	264.458	9.721	9.737	0.6122277
227	265.618	9.74	9.746	0.6232602
228	266.788	9.74	9.746	0.6193722
229	267.958	9.747	9.771	0.6220977
230	269.128	9.747	9.771	0.631104
231	270.298	9.759	9.806	0.6228031
232	271.468	9.759	9.806	0.6300807
233	272.648	9.787	9.833	0.6359648
234	273.819	9.787	9.833	0.6280763
235	274.989	9.801	9.842	0.6370741
236	276.159	9.801	9.842	0.6394512
237	277.329	9.844	9.846	0.6345035
238	278.499	9.844	9.846	0.642618
239	279.669	9.851	9.865	0.6404662
240	280.839	9.851	9.865	0.6404371
241	282.009	9.887	9.9	0.6472266
242	283.169	9.887	9.9	0.6416151
243	284.329	9.901	9.933	0.6462381
244	285.489	9.901	9.933	0.6498609
245	286.65	9.905	9.946	0.6439866
246	287.81	9.905	9.946	0.6503458
247	288.972	9.921	9.949	0.6504837
248	290.13	9.921	9.949	0.6491218
249	291.29	9.953	9.963	0.6544816
250	292.45	9.953	9.963	0.6498939
251	293.62	9.984	9.993	0.6534177
252	294.78	9.984	9.993	0.6566415
253	295.94	10.002	10.029	0.6519389
254	297.11	10.002	10.029	0.6571348
255	298.28	10.006	10.048	0.6576286
256	299.451	10.006	10.048	0.6553688
257	300.611	10.015	10.049	0.6597667
258	301.781	10.015	10.049	0.6582131
259	302.951	10.041	10.055	0.6591186
260	304.121	10.041	10.055	0.6625622
261	305.291	10.078	10.083	0.6588233
262	306.461	10.078	10.083	0.6619897
263	307.631	10.103	10.123	0.6640601
264	308.801	10.103	10.123	0.6605857
265	309.971	10.107	10.148	0.6638765
266	311.212	10.107	10.148	0.6644146
267	312.382	10.107	10.148	0.6617949
268	313.622	10.126	10.144	0.6644071
269	314.792	10.126	10.144	0.6667677
270	316.242	10.163	10.167	0.6672963
271	317.402	10.163	10.167	0.6641111
272	318.572	10.195	10.206	0.667024
273	319.742	10.195	10.206	0.6686023
274	320.912	10.209	10.243	0.666194
275	322.072	10.209	10.243	0.6692607
276	323.242	10.211	10.252	0.6689965
277	324.403	10.211	10.252	0.6687326
278	325.563	10.228	10.252	0.671016
279	326.723	10.228	10.252	0.6687477
280	327.883	10.263	10.268	0.6711531
281	329.043	10.263	10.268	0.6724595
282	330.203	10.3	10.306	0.6701571
283	331.363	10.3	10.306	0.6727772
284	332.533	10.32	10.347	0.6723507
285	333.703	10.32	10.347	0.6721091
286	334.873	10.325	10.366	0.6747591
287	336.043	10.325	10.366	0.6728687
288	337.213	10.341	10.37	0.6742761
289	338.384	10.341	10.37	0.6759418
290	339.554	10.386	10.429	0.673991
291	340.724	10.386	10.429	0.676071
292	341.894	10.394	10.432	0.6768239
293	343.064	10.394	10.432	0.6753892
294	344.234	10.418	10.44	0.6776134
295	345.404	10.418	10.44	0.6775798
296	346.574	10.455	10.469	0.6766528
297	347.744	10.455	10.469	0.6784146
298	348.924	10.487	10.51	0.6772665
299	350.085	10.487	10.51	0.6781298
300	351.245	10.48	10.538	0.6795354
301	352.486	10.48	10.538	0.6778459
302	353.647	10.498	10.54	0.6789863
303	354.896	10.498	10.541	0.6803924
304	356.055	10.515	10.541	0.6790303
305	357.215	10.548	10.562	0.6798819
306	358.375	10.548	10.562	0.6813049
307	359.535	10.581	10.599	0.6791197
308	360.695	10.581	10.599	0.6810022
309	361.855	10.596	10.632	0.6812226
310	363.026	10.596	10.632	0.6803984
311	364.196	10.597	10.607	0.6819635
312	365.357	10.597	10.607	0.6811351
313	366.526	10.607	10.638	0.681258
314	367.696	10.607	10.638	0.6826444
315	368.866	10.633	10.648	0.6813872
316	370.036	10.633	10.648	0.6825196
317	371.206	10.669	10.683	0.6830372
318	372.376	10.669	10.683	0.6818699
319	373.546	10.692	10.721	0.6834582
320	374.716	10.692	10.721	0.683066
321	375.887	10.693	10.737	0.6823886
322	377.058	10.693	10.737	0.6842638
323	378.227	10.704	10.741	0.6835222
324	379.397	10.704	10.741	0.6833789
325	380.567	10.73	10.748	0.6848193
326	381.737	10.73	10.748	0.6836784
327	382.907	10.767	10.778	0.6841829
328	384.07	10.767	10.778	0.6854086
329	385.237	10.796	10.819	0.6839849
330	386.397	10.796	10.819	0.6855328
331	387.557	10.804	10.846	0.6852997
332	388.718	10.804	10.846	0.6850621
333	389.888	10.81	10.851	0.6866847
334	391.048	10.81	10.851	0.6856676
335	392.218	10.833	10.856	0.6861687
336	393.378	10.833	10.856	0.6870962
337	394.558	10.872	10.883	0.6857442
338	395.738	10.872	10.883	0.6871627
339	396.908	10.878	10.91	0.6874533
340	398.078	10.878	10.91	0.6867283
341	399.248	10.907	10.956	0.6880491
342	400.418	10.907	10.956	0.687609
343	401.589	10.945	10.963	0.6872547
344	402.759	10.945	10.963	0.6881157
345	403.919	10.967	10.962	0.6877077
346	405.089	10.967	10.962	0.6881027
347	406.259	10.972	10.979	0.6890692
348	407.429	10.972	10.979	0.6877642
349	408.599	10.98	11.019	0.6892777
350	409.839	10.98	11.019	0.6894563
351	411.019	11.005	11.056	0.6884203
352	412.239	11.036	11.066	0.6888853
353	413.41	11.036	11.066	0.6896766
354	414.59	11.06	11.059	0.6888689
355	415.76	11.06	11.059	0.6894122
356	416.94	11.065	11.064	0.6901547
357	418.11	11.065	11.064	0.6890508
358	419.27	11.065	11.095	0.6897847
359	420.43	11.065	11.095	0.6899343
360	421.592	11.084	11.134	0.6889998
361	422.75	11.084	11.134	0.6903439
362	423.92	11.12	11.157	0.6902062
363	425.08	11.12	11.157	0.6905119
364	426.25	11.154	11.159	0.6910979
365	427.41	11.154	11.159	0.690358
366	428.571	11.166	11.162	0.6908331
367	429.741	11.166	11.162	0.6916814
368	430.901	11.165	11.205	0.6909301
369	432.081	11.165	11.205	0.6922944
370	433.251	11.178	11.225	0.6914231
371	434.411	11.178	11.225	0.6912385
372	435.581	11.208	11.253	0.6924646
373	436.751	11.208	11.253	0.6915737
374	437.921	11.244	11.257	0.6919926
375	439.092	11.244	11.257	0.6925241
376	440.262	11.265	11.259	0.6920246
377	441.432	11.265	11.259	0.6924658
378	442.602	11.27	11.281	0.6928824
379	443.792	11.27	11.281	0.6923496
380	444.962	11.279	11.319	0.6928923
381	446.132	11.279	11.319	0.6927649
382	447.302	11.307	11.354	0.6925991
383	448.472	11.307	11.354	0.693225
384	449.642	11.342	11.365	0.6930002
385	450.802	11.342	11.365	0.6931298
386	451.962	11.339	11.362	0.693956
387	453.122	11.339	11.362	0.692879
388	454.293	11.372	11.373	0.6937265
389	455.463	11.372	11.373	0.6939464
390	456.623	11.407	11.409	0.6933269
391	457.783	11.407	11.409	0.6941537
392	458.943	11.422	11.446	0.6941297
393	460.103	11.422	11.446	0.6938637
394	461.263	11.428	11.468	0.6944879
395	462.423	11.428	11.468	0.6940293
396	463.595	11.441	11.471	0.6945764
397	464.754	11.441	11.471	0.6948105
398	465.924	11.476	11.481	0.6943383
399	467.222	11.476	11.481	0.6950243
400	468.384	11.516	11.527	0.6955494
401	469.574	11.538	11.554	0.69487
402	470.744	11.538	11.554	0.6952198
403	471.914	11.539	11.58	0.6959893
404	473.084	11.539	11.58	0.6953337
405	474.264	11.547	11.583	0.6961913
406	475.434	11.547	11.583	0.6957927
407	476.614	11.572	11.585	0.6957996
408	477.785	11.572	11.585	0.696395
409	478.965	11.606	11.604	0.6965541
410	480.135	11.606	11.604	0.6956622
411	481.305	11.631	11.639	0.6963271
412	482.475	11.631	11.639	0.6960548
413	483.645	11.636	11.669	0.6961509
414	484.805	11.636	11.669	0.6963622
415	485.965	11.637	11.678	0.696259
416	487.125	11.637	11.678	0.6967614
417	488.285	11.659	11.679	0.6968693
418	489.445	11.659	11.679	0.6961666
419	490.605	11.692	11.691	0.697017
420	491.766	11.692	11.691	0.696499
421	492.926	11.72	11.723	0.697072
422	494.086	11.72	11.723	0.6971033
423	495.246	11.73	11.758	0.6967827
424	496.406	11.73	11.758	0.6973237
425	497.576	11.73	11.771	0.6974596
426	498.736	11.73	11.771	0.697127
427	499.906	11.743	11.769	0.6975558
428	501.076	11.743	11.769	0.6970656
429	502.236	11.771	11.778	0.6971914
430	503.407	11.771	11.778	0.6980968
431	504.577	11.798	11.799	0.6976199
432	505.747	11.798	11.799	0.6980063
433	506.917	11.809	11.828	0.6983145
434	508.087	11.809	11.828	0.6980076
435	509.257	11.855	11.863	0.6983669
436	510.427	11.855	11.863	0.6983204
437	511.597	11.881	11.898	0.6981368
438	512.767	11.881	11.898	0.6985767
439	513.937	11.888	11.926	0.698378
440	515.11	11.888	11.926	0.6983783
441	516.278	11.89	11.932	0.6988168
442	517.448	11.89	11.932	0.6988961
443	518.608	11.905	11.931	0.6984193
444	519.768	11.905	11.931	0.6988623
445	520.928	11.938	11.948	0.698583
446	522.088	11.938	11.948	0.6989524
447	523.248	11.97	11.981	0.6987841
448	524.496	11.97	11.981	0.6987347
449	525.668	11.978	12.01	0.6989408
450	526.958	11.981	12.024	0.6991603
451	528.128	11.981	12.024	0.698898
452	529.289	11.995	12.026	0.6993128
453	530.469	11.995	12.026	0.6995059
454	531.629	12.026	12.04	0.6991269
455	532.799	12.026	12.04	0.6996576
456	533.969	12.066	12.074	0.6993607
457	535.129	12.066	12.074	0.6992515
458	536.309	12.084	12.106	0.6997418
459	537.479	12.084	12.106	0.6994516
460	538.639	12.084	12.124	0.7000552
461	539.809	12.084	12.124	0.7000135
462	540.979	12.09	12.127	0.6996855
463	542.15	12.09	12.127	0.6997815
464	543.33	12.117	12.136	0.7003065
465	544.512	12.117	12.136	0.6994735
466	545.69	12.15	12.157	0.7008994
467	546.86	12.15	12.157	0.7004905
468	548.03	12.179	12.196	0.6999114
469	549.2	12.179	12.196	0.700544
470	550.37	12.191	12.227	0.7002791
471	551.53	12.191	12.227	0.7002245
472	552.692	12.19	12.23	0.700597
473	553.85	12.19	12.23	0.7004294
474	555.011	12.206	12.23	0.7005845
475	556.171	12.206	12.23	0.7003929
476	557.331	12.244	12.253	0.6998548
477	558.493	12.244	12.253	0.7005329
478	559.651	12.277	12.289	0.7002218
479	560.811	12.277	12.289	0.7000334
480	561.981	12.278	12.322	0.7006188
481	563.141	12.278	12.322	0.7006683
482	564.311	12.313	12.334	0.7007045
483	565.471	12.313	12.334	0.7010154
484	566.642	12.339	12.339	0.7006671
485	567.812	12.339	12.339	0.7007953
486	568.972	12.347	12.352	0.7010733
487	570.142	12.347	12.352	0.7007144
488	571.312	12.351	12.381	0.7013863
489	572.482	12.351	12.381	0.7008625
490	573.652	12.371	12.414	0.7010501
491	574.822	12.371	12.414	0.7012623
492	575.992	12.411	12.438	0.701076
493	577.232	12.411	12.438	0.7011726
494	578.402	12.439	12.442	0.7014574
495	579.653	12.434	12.45	0.701166
496	580.823	12.434	12.45	0.7012961
497	581.993	12.448	12.471	0.7016397
498	583.163	12.448	12.471	0.70165
499	584.333	12.468	12.509	0.7016175
500	585.503	12.468	12.509	0.701823
501	586.683	12.505	12.539	0.7014692
502	587.833	12.505	12.539	0.7019072
503	588.993	12.538	12.547	0.7018223
504	590.154	12.538	12.547	0.7016204
505	591.313	12.531	12.552	0.7021002
506	592.483	12.531	12.552	0.7017459
507	593.644	12.559	12.573	0.701961
508	594.804	12.559	12.573	0.7021375
509	595.964	12.572	12.609	0.7018417
510	597.124	12.572	12.609	0.7021996
511	598.294	12.603	12.642	0.702307
512	599.454	12.603	12.642	0.7021065
513	600.614	12.637	12.653	0.7024196
514	601.784	12.637	12.653	0.7022247
515	602.944	12.66	12.659	0.7024767
516	604.114	12.66	12.659	0.7024087
517	605.285	12.662	12.671	0.7024203
518	606.455	12.662	12.671	0.7024028
519	607.615	12.668	12.7	0.7025359
520	608.785	12.668	12.7	0.7024373
521	609.955	12.692	12.732	0.7027111
522	611.125	12.692	12.732	0.7026633
523	612.295	12.729	12.751	0.7026511
524	613.465	12.729	12.751	0.7029511
525	614.635	12.757	12.757	0.7028401
526	615.795	12.757	12.757	0.702982
527	616.955	12.771	12.773	0.7030604
528	618.116	12.771	12.773	0.7027767
529	619.286	12.801	12.8	0.7032015
530	620.456	12.801	12.8	0.7031041
531	621.626	12.815	12.834	0.7029409
532	622.786	12.815	12.834	0.703294
533	623.946	12.818	12.854	0.7031801
534	625.116	12.818	12.854	0.7033835
535	626.276	12.831	12.86	0.7035176
536	627.436	12.831	12.86	0.7033648
537	628.596	12.859	12.865	0.7032444
538	629.756	12.859	12.865	0.703278
539	630.916	12.895	12.891	0.7029348
540	632.077	12.895	12.891	0.7033691
541	633.247	12.912	12.924	0.7033034
542	634.407	12.912	12.924	0.7030938
543	635.577	12.915	12.947	0.7033131
544	636.747	12.915	12.947	0.7031847
545	637.917	12.928	12.961	0.7036225
546	639.161	12.928	12.961	0.7034262
547	640.327	12.955	12.967	0.7036099
548	641.577	12.989	12.985	0.7033737
549	642.747	12.989	12.985	0.7039542
550	643.918	13.017	13.019	0.703795
551	645.088	13.017	13.019	0.7037235
552	646.258	13.023	13.053	0.7039569
553	647.428	13.023	13.053	0.7035187
554	648.598	13.023	13.06	0.7038816
555	649.768	13.023	13.06	0.7038073
556	650.938	13.043	13.063	0.7036739
557	652.108	13.043	13.063	0.7040003
558	653.278	13.078	13.077	0.7040301
559	654.44	13.078	13.077	0.7040605
560	655.598	13.107	13.106	0.704165
561	656.759	13.107	13.106	0.7040858
562	657.919	13.12	13.139	0.7040596
563	659.079	13.12	13.139	0.7041281
564	660.239	13.129	13.164	0.7040818
565	661.389	13.129	13.164	0.7044148
566	662.55	13.15	13.173	0.704402
567	663.709	13.15	13.173	0.7041426
568	664.869	13.186	13.188	0.7044964
569	666.029	13.186	13.188	0.7042378
570	667.199	13.221	13.218	0.7043803
571	668.369	13.221	13.218	0.7046599
572	669.54	13.239	13.253	0.7042663
573	670.71	13.239	13.253	0.7043282
574	671.88	13.246	13.279	0.7043426
575	673.05	13.246	13.279	0.7042959
576	674.23	13.286	13.301	0.7045132
577	675.41	13.286	13.301	0.7046851
578	676.58	13.291	13.324	0.7045235
579	677.75	13.291	13.324	0.7050755
580	678.92	13.298	13.336	0.7045614
581	680.09	13.298	13.336	0.7047193
582	681.26	13.32	13.346	0.7047487
583	682.432	13.32	13.346	0.7046494
584	683.601	13.352	13.359	0.7047921
585	684.771	13.352	13.359	0.7049912
586	685.941	13.38	13.39	0.70468
587	687.101	13.38	13.39	0.7049101
588	688.261	13.392	13.42	0.70499
589	689.431	13.392	13.42	0.7050033
590	690.591	13.408	13.436	0.7051103
591	691.751	13.408	13.436	0.7049928
592	692.911	13.411	13.438	0.7050061
593	694.073	13.411	13.438	0.7051405
594	695.232	13.44	13.45	0.7051573
595	696.402	13.44	13.45	0.7051473
596	697.572	13.471	13.478	0.7052152
597	698.812	13.471	13.478	0.7051436
598	699.982	13.488	13.51	0.7052345
599	701.202	13.495	13.532	0.7056071
600	702.362	13.495	13.532	0.7052473
601	703.532	13.509	13.541	0.7053363
602	704.702	13.509	13.541	0.7052393
603	705.882	13.539	13.553	0.7050744
604	707.052	13.539	13.553	0.7054191
605	708.223	13.573	13.587	0.7054411
606	709.393	13.573	13.587	0.7054752
607	710.563	13.595	13.595	0.7054681
608	711.733	13.595	13.595	0.7054476
609	712.903	13.604	13.638	0.7056456
610	714.073	13.604	13.638	0.7055821
611	715.243	13.614	13.629	0.7056831
612	716.413	13.614	13.629	0.7055591
613	717.583	13.638	13.657	0.7056596
614	718.753	13.638	13.657	0.7055999
615	719.923	13.673	13.679	0.7056159
616	721.083	13.673	13.679	0.7056343
617	722.244	13.701	13.703	0.7057272
618	723.404	13.701	13.703	0.7058629
619	724.564	13.71	13.74	0.7059319
620	725.724	13.71	13.74	0.7057443
621	726.884	13.711	13.749	0.7057433
622	728.044	13.711	13.749	0.7059259
623	729.214	13.752	13.753	0.705954
624	730.374	13.752	13.753	0.7057916
625	731.534	13.761	13.783	0.7056614
626	732.704	13.761	13.783	0.7059095
627	733.864	13.775	13.802	0.7057524
628	735.025	13.775	13.802	0.7058616
629	736.185	13.806	13.838	0.7059943
630	737.349	13.806	13.838	0.7059196
631	738.515	13.843	13.861	0.7061127
632	739.685	13.843	13.861	0.7058742
633	740.855	13.869	13.873	0.7060927
634	742.035	13.869	13.873	0.7063032
635	743.205	13.879	13.894	0.7059081
636	744.375	13.879	13.894	0.7060792
637	745.545	13.89	13.914	0.7061746
638	746.716	13.89	13.914	0.7059415
639	747.886	13.908	13.942	0.706043
640	749.056	13.908	13.942	0.7061583
641	750.226	13.941	13.965	0.7061484
642	751.388	13.941	13.965	0.7062655
643	752.546	13.969	13.975	0.7062507
644	753.706	13.969	13.975	0.7064475
645	754.866	13.978	13.982	0.7064442
646	756.026	13.978	13.982	0.7065289
647	757.186	13.985	14.013	0.7066866
648	758.437	13.985	14.013	0.706633
649	759.616	14.006	14.037	0.7066452
650	760.827	14.037	14.064	0.7066274
651	761.987	14.037	14.064	0.7067941
652	763.147	14.069	14.079	0.7067363
653	764.307	14.069	14.079	0.7068395
654	765.477	14.084	14.086	0.7069002
655	766.637	14.084	14.086	0.7067654
656	767.807	14.094	14.106	0.7068988
657	768.977	14.094	14.106	0.7069589
658	770.137	14.106	14.134	0.7069412
659	771.308	14.106	14.134	0.70698
660	772.478	14.136	14.137	0.7069882
661	773.648	14.136	14.137	0.7071317
662	774.818	14.171	14.185	0.7071638
663	775.988	14.171	14.185	0.7072583
664	777.158	14.192	14.194	0.7071537
665	778.328	14.192	14.194	0.7074094
666	779.498	14.202	14.21	0.7070104
667	780.668	14.202	14.21	0.7076963
668	781.838	14.214	14.237	0.7075195
669	783.008	14.214	14.237	0.7075866
670	784.179	14.258	14.273	0.7076418
671	785.338	14.258	14.273	0.7076595
672	786.499	14.267	14.298	0.7076038
673	787.659	14.267	14.298	0.7077861
674	788.819	14.283	14.307	0.7075203
675	789.979	14.283	14.307	0.7078221
676	791.139	14.309	14.322	0.7075916
677	792.319	14.309	14.322	0.7077731
678	793.489	14.337	14.334	0.7078808
679	794.659	14.337	14.334	0.7080096
680	795.819	14.349	14.363	0.7080004
681	796.98	14.349	14.363	0.7081257
682	798.15	14.352	14.383	0.7080072
683	799.31	14.352	14.383	0.7080469
684	800.48	14.364	14.39	0.7081624
685	801.65	14.364	14.39	0.7080566
686	802.81	14.389	14.399	0.7081996
687	803.98	14.389	14.399	0.708187
688	805.15	14.42	14.417	0.7082602
689	806.32	14.42	14.417	0.7081389
690	807.49	14.44	14.446	0.7078361
691	808.66	14.44	14.446	0.7077738
692	809.831	14.449	14.474	0.7077857
693	811.004	14.449	14.474	0.707842
694	812.171	14.48	14.466	0.7078749
695	813.341	14.48	14.466	0.7078931
696	814.511	14.482	14.499	0.707872
697	815.748	14.482	14.499	0.7077936
698	816.911	14.511	14.509	0.7082283
699	818.161	14.511	14.535	0.7080043
700	819.321	14.533	14.535	0.7079964
701	820.481	14.546	14.565	0.7082811
702	821.641	14.546	14.565	0.7081658
703	822.801	14.556	14.586	0.708263
704	823.962	14.556	14.586	0.708378
705	825.142	14.578	14.598	0.7082586
706	826.302	14.578	14.598	0.7080524
707	827.472	14.614	14.614	0.7081777
708	828.642	14.614	14.614	0.7081723
709	829.812	14.648	14.644	0.7081243
710	830.982	14.648	14.644	0.7079885
711	832.143	14.662	14.676	0.7081045
712	833.315	14.662	14.676	0.7079567
713	834.482	14.669	14.671	0.7081488
714	835.642	14.669	14.671	0.7078948
715	836.813	14.684	14.708	0.7079984
716	837.983	14.684	14.708	0.7080731
717	839.153	14.709	14.718	0.7081938
718	840.323	14.709	14.718	0.708157
719	841.493	14.738	14.734	0.708335
720	842.663	14.738	14.734	0.7084405
721	843.833	14.745	14.764	0.7081862
722	845.003	14.745	14.764	0.7082173
723	846.173	14.781	14.787	0.7082641
724	847.343	14.781	14.787	0.7082747
725	848.514	14.808	14.818	0.7082096
726	849.674	14.808	14.818	0.70826
727	850.844	14.817	14.843	0.7081496
728	852.004	14.817	14.843	0.7084237
729	853.164	14.823	14.857	0.7085075
730	854.324	14.823	14.857	0.7084965
731	855.484	14.84	14.863	0.7082361
732	856.645	14.84	14.863	0.7081686
733	857.825	14.861	14.869	0.7082564
734	858.984	14.861	14.869	0.7083161
735	860.144	14.876	14.882	0.7082434
736	861.304	14.876	14.882	0.7084439
737	862.475	14.893	14.914	0.7083305
738	863.635	14.893	14.914	0.7083061
739	864.805	14.907	14.94	0.7083576
740	865.977	14.907	14.94	0.7084758
741	867.145	14.927	14.954	0.7085495
742	868.315	14.927	14.954	0.7084875
743	869.485	14.96	14.973	0.7085097
744	870.655	14.96	14.973	0.7085087
745	871.825	14.998	15.003	0.7084985
746	873.077	14.998	15.003	0.7087
747	874.246	15.039	15.055	0.7088649
748	875.496	15.039	15.123	0.7087941
749	876.666	15.092	15.123	0.7087553
750	877.836	15.205	15.238	0.7090893
751	879.006	15.205	15.238	0.7091007
752	880.178	15.352	15.372	0.7090734
753	881.346	15.352	15.372	0.7092713
754	882.516	15.524	15.534	0.7092369
755	883.678	15.524	15.534	0.7092667
756	884.846	15.711	15.725	0.7093768
757	886.006	15.711	15.725	0.7095197
758	887.176	15.906	15.934	0.7095169
759	888.337	15.906	15.934	0.7095323
760	889.497	16.098	16.131	0.7097408
761	890.677	16.098	16.131	0.7098643
762	891.837	16.314	16.34	0.7097889
763	892.997	16.314	16.34	0.7099225
764	894.16	16.552	16.57	0.7100936
765	895.317	16.552	16.57	0.7100838
766	896.497	16.784	16.799	0.710206
767	897.657	16.784	16.799	0.7102872
768	898.827	17.036	17.027	0.7102469
769	899.998	17.036	17.027	0.7103915
770	901.158	17.261	17.248	0.7106188
771	902.328	17.261	17.248	0.7105392
772	903.5	17.478	17.462	0.7106187
773	904.668	17.478	17.462	0.7107053
774	905.838	17.68	17.668	0.7106731
775	907.008	17.68	17.668	0.7105152
776	908.169	17.864	17.857	0.7105102
777	909.338	17.864	17.857	0.710914
778	910.509	18.051	18.047	0.7107047
779	911.678	18.051	18.047	0.7106902
780	912.849	18.245	18.237	0.7108874
781	914.019	18.245	18.237	0.7107818
782	915.189	18.447	18.435	0.7109838
783	916.359	18.447	18.435	0.7107778
784	917.529	18.645	18.633	0.7110125
785	918.699	18.645	18.633	0.7104956
786	919.869	18.835	18.829	0.7106172
787	921.029	18.835	18.829	0.710917
788	922.189	19.024	19.021	0.7106237
789	923.349	19.024	19.021	0.7106586
790	924.509	19.203	19.201	0.710763
791	925.67	19.203	19.201	0.7105379
792	926.831	19.386	19.38	0.7107879
793	927.99	19.386	19.38	0.7106255
794	929.15	19.581	19.571	0.7108601
795	930.31	19.581	19.571	0.7107944
796	931.48	19.77	19.768	0.7108017
797	932.722	19.77	19.768	0.7109666
798	933.89	19.912	19.918	0.7108315
799	935.13	19.997	20.018	0.7110186
800	936.29	19.997	20.018	0.7107698
801	937.46	19.967	19.996	0.7107434
802	938.631	19.967	19.996	0.7107654
803	939.801	19.872	19.902	0.7105783
804	940.971	19.872	19.902	0.7109314
805	942.141	19.704	19.74	0.7107499
806	943.321	19.704	19.74	0.7109492
807	944.491	19.49	19.527	0.7107145
808	945.661	19.49	19.527	0.7107421
809	946.831	19.243	19.288	0.710586
810	948.001	19.243	19.288	0.7108241
811	949.171	18.906	19.005	0.7107368
812	950.341	18.906	19.005	0.710772
813	951.512	18.605	18.704	0.7106165
814	952.672	18.605	18.704	0.7104672
815	953.832	18.317	18.41	0.7105727
816	954.992	18.317	18.41	0.7104855
817	956.152	18.055	18.132	0.7105482
818	957.312	18.055	18.132	0.7103938
819	958.472	17.821	17.892	0.7106318
820	959.632	17.821	17.892	0.7106696
821	960.792	17.604	17.68	0.7106233
822	961.952	17.604	17.68	0.7104019
823	963.123	17.407	17.485	0.7101715
824	964.283	17.407	17.485	0.7101433
825	965.453	17.22	17.296	0.7103155
826	966.613	17.22	17.296	0.7100877
827	967.783	17.034	17.1	0.7101654
828	968.953	17.034	17.1	0.7102163
829	970.123	16.851	16.914	0.7100996
830	971.303	16.851	16.914	0.7100984
831	972.473	16.671	16.741	0.7104084
832	973.653	16.671	16.741	0.7100991
833	974.823	16.482	16.57	0.7099338
834	975.993	16.482	16.57	0.7094666
835	977.164	16.285	16.371	0.7096573
836	978.344	16.285	16.371	0.7096833
837	979.524	16.093	16.165	0.7097542
838	980.704	16.093	16.165	0.709468
839	981.884	15.899	15.965	0.7092927
840	983.054	15.899	15.965	0.7094722
841	984.224	15.701	15.781	0.7093322
842	985.464	15.701	15.781	0.7093396
843	986.634	15.5	15.594	0.7091662
844	987.884	15.308	15.396	0.7090303
845	989.044	15.308	15.396	0.7090654
846	990.215	15.146	15.21	0.7087364
847	991.385	15.146	15.21	0.7085789
848	992.555	15.007	15.054	0.7090763
849	993.715	15.007	15.054	0.7083023
850	994.885	14.89	14.943	0.7083616
851	996.055	14.89	14.943	0.7083146
852	997.215	14.795	14.856	0.7084807
853	998.385	14.795	14.856	0.7085544
854	999.555	14.736	14.787	0.7081145
855	1000.715	14.736	14.787	0.7084209
856	1001.886	14.71	14.736	0.7082707
857	1003.066	14.71	14.736	0.7082334
858	1004.246	14.675	14.711	0.7081971
859	1005.416	14.675	14.711	0.7091037
860	1006.586	14.671	14.693	0.708787
861	1007.756	14.671	14.693	0.7087439
862	1008.936	14.683	14.691	0.7087892
863	1010.106	14.683	14.691	0.7087128
864	1011.276	14.695	14.709	0.7085246
865	1012.446	14.695	14.709	0.7084935
866	1013.616	14.683	14.712	0.7086385
867	1014.786	14.683	14.712	0.7084662
868	1015.957	14.669	14.705	0.7087312
869	1017.127	14.669	14.705	0.7086791
870	1018.297	14.669	14.699	0.7086039
871	1019.467	14.669	14.699	0.7085243
872	1020.627	14.682	14.691	0.7088031
873	1021.787	14.682	14.691	0.7088585
874	1022.95	14.692	14.7	0.7086853
875	1024.117	14.692	14.7	0.7086253
876	1025.277	14.687	14.711	0.7087972
877	1026.437	14.687	14.711	0.7084925
878	1027.607	14.672	14.708	0.7085273
879	1028.768	14.672	14.708	0.7087922
880	1029.928	14.661	14.69	0.7087198
881	1031.098	14.661	14.69	0.7087579
882	1032.258	14.66	14.673	0.7088157
883	1033.428	14.66	14.673	0.7086882
884	1034.598	14.655	14.661	0.7086968
885	1035.758	14.655	14.661	0.7087725
886	1036.928	14.636	14.655	0.7087439
887	1038.098	14.636	14.655	0.7085787
888	1039.268	14.607	14.641	0.7086828
889	1040.512	14.607	14.641	0.7089489
890	1041.709	14.584	14.616	0.7085316
891	1042.919	14.574	14.589	0.7087105
892	1044.089	14.574	14.589	0.7086765
893	1045.269	14.57	14.576	0.7083818
894	1046.439	14.57	14.576	0.7083756
895	1047.609	14.545	14.56	0.7084209
896	1048.779	14.545	14.56	0.7085161
897	1049.949	14.502	14.533	0.7084237
898	1051.109	14.502	14.533	0.7085407
899	1052.269	14.468	14.502	0.7084609
900	1053.43	14.468	14.502	0.7086195
901	1054.59	14.453	14.472	0.7083521
902	1055.75	14.453	14.472	0.7083377
903	1056.91	14.439	14.482	0.708296
904	1058.07	14.439	14.482	0.7082853
905	1059.23	14.412	14.422	0.708275
906	1060.39	14.412	14.422	0.7082776
907	1061.56	14.373	14.408	0.7079859
908	1062.73	14.373	14.408	0.7081427
909	1063.89	14.363	14.381	0.7080214
910	1065.05	14.363	14.381	0.7076485
911	1066.221	14.341	14.351	0.7079908
912	1067.381	14.341	14.351	0.7079769
913	1068.551	14.303	14.323	0.7079415
914	1069.721	14.303	14.323	0.7078824
915	1070.891	14.275	14.31	0.7077183
916	1072.061	14.275	14.31	0.7078368
917	1073.231	14.267	14.304	0.7078163
918	1074.401	14.267	14.304	0.7078529
919	1075.571	14.271	14.292	0.7075925
920	1076.741	14.271	14.292	0.7075646
921	1077.911	14.264	14.272	0.7076768
922	1079.082	14.264	14.272	0.7078964
923	1080.252	14.247	14.257	0.707839
924	1081.422	14.247	14.257	0.7077652
925	1082.592	14.228	14.257	0.7077554
926	1083.762	14.228	14.257	0.7075028
927	1084.932	14.219	14.257	0.7075765
928	1086.092	14.219	14.257	0.7078277
929	1087.252	14.213	14.241	0.7074583
930	1088.412	14.213	14.241	0.7075356
931	1089.582	14.201	14.213	0.7077948
932	1090.742	14.201	14.213	0.7074781
933	1091.905	14.169	14.181	0.7076099
934	1093.063	14.169	14.181	0.7075844
935	1094.233	14.14	14.167	0.7074389
936	1095.393	14.14	14.167	0.707553
937	1096.553	14.122	14.161	0.7073281
938	1097.714	14.122	14.161	0.707876
939	1098.883	14.118	14.135	0.707563
940	1100.123	14.118	14.135	0.7075939
941	1101.293	14.108	14.123	0.7075083
942	1102.553	14.108	14.091	0.7076806
943	1103.713	14.081	14.091	0.7075698
944	1104.884	14.044	14.068	0.7073088
945	1106.054	14.044	14.068	0.7072582
946	1107.224	14.018	14.056	0.7071655
947	1108.394	14.018	14.056	0.7072051
948	1109.564	14.005	14.042	0.7070792
949	1110.734	14.005	14.042	0.7074064
950	1111.906	13.979	14.001	0.7072328
951	1113.074	13.979	14.001	0.7069224
952	1114.244	13.941	13.951	0.7071013
953	1115.414	13.941	13.951	0.7070352
954	1116.584	13.897	13.918	0.7068629
955	1117.745	13.897	13.918	0.7069747
956	1118.915	13.89	13.905	0.7070487
957	1120.075	13.89	13.905	0.7070855
958	1121.235	13.864	13.901	0.7068666
959	1122.395	13.864	13.901	0.7071436
960	1123.557	13.836	13.882	0.7068447
961	1124.715	13.836	13.882	0.7069964
962	1125.875	13.823	13.853	0.7070648
963	1127.035	13.823	13.853	0.7071391
964	1128.206	13.818	13.83	0.7069682
965	1129.366	13.818	13.83	0.7070771
966	1130.526	13.811	13.82	0.7069469
967	1131.696	13.811	13.82	0.7071468
968	1132.856	13.787	13.82	0.7066363
969	1134.026	13.787	13.82	0.7070071
970	1135.196	13.755	13.803	0.7067586
971	1136.366	13.755	13.803	0.7067404
972	1137.538	13.738	13.773	0.7067872
973	1138.706	13.738	13.773	0.7065968
974	1139.876	13.734	13.748	0.7068292
975	1141.046	13.734	13.748	0.7067826
976	1142.216	13.73	13.764	0.7067385
977	1143.386	13.73	13.764	0.7066041
978	1144.557	13.71	13.736	0.7065305
979	1145.727	13.71	13.736	0.7065047
980	1146.897	13.679	13.724	0.7066883
981	1148.067	13.679	13.724	0.7064039
982	1149.237	13.657	13.697	0.7064455
983	1150.397	13.657	13.697	0.7064226
984	1151.557	13.651	13.668	0.7062948
985	1152.717	13.651	13.668	0.7063264
986	1153.877	13.649	13.655	0.7063944
987	1155.037	13.649	13.655	0.7062486
988	1156.198	13.628	13.65	0.7064157
989	1157.358	13.628	13.65	0.7062468
990	1158.558	13.599	13.641	0.7063595
991	1159.788	13.599	13.641	0.7063978
992	1160.948	13.577	13.621	0.7062581
993	1162.168	13.564	13.59	0.7060945
994	1163.338	13.564	13.59	0.7062612
995	1164.508	13.559	13.568	0.7060912
996	1165.678	13.559	13.568	0.7060146
997	1166.848	13.544	13.56	0.7061235
998	1168.019	13.544	13.56	0.706013
999	1169.191	13.513	13.553	0.7060596
1000	1170.359	13.513	13.553	0.7060739
1001	1171.529	13.482	13.531	0.7058139
1002	1172.699	13.482	13.531	0.7059943
1003	1173.869	13.468	13.499	0.7059262
1004	1175.049	13.468	13.499	0.7056474
1005	1176.219	13.444	13.483	0.7058918
1006	1177.389	13.444	13.483	0.705772
1007	1178.559	13.418	13.448	0.705763
1008	1179.729	13.418	13.448	0.7058281
1009	1180.9	13.408	13.42	0.7054988
1010	1182.07	13.408	13.42	0.7056981
1011	1183.24	13.402	13.408	0.7057214
1012	1184.41	13.402	13.408	0.7057016
1013	1185.58	13.377	13.4	0.7056521
1014	1186.74	13.377	13.4	0.705678
1015	1187.9	13.342	13.381	0.7053296
1016	1189.06	13.342	13.381	0.7055885
1017	1190.22	13.315	13.35	0.705539
1018	1191.38	13.315	13.35	0.7053583
1019	1192.54	13.304	13.32	0.7053222
1020	1193.7	13.304	13.32	0.7050032
1021	1194.861	13.3	13.305	0.7051439
1022	1196.021	13.3	13.305	0.7051917
1023	1197.191	13.282	13.3	0.7051659
1024	1198.351	13.282	13.3	0.7052721
1025	1199.521	13.251	13.288	0.7049966
1026	1200.691	13.251	13.288	0.705044
1027	1201.861	13.249	13.259	0.7051269
1028	1203.031	13.249	13.259	0.7049243
1029	1204.201	13.206	13.226	0.7050421
1030	1205.381	13.206	13.226	0.7050378
1031	1206.561	13.202	13.208	0.7047657
1032	1207.731	13.202	13.208	0.7051644
1033	1208.902	13.165	13.203	0.7048542
1034	1210.072	13.165	13.203	0.7047358
1035	1211.242	13.165	13.198	0.7047654
1036	1212.412	13.165	13.198	0.7048432
1037	1213.582	13.138	13.179	0.7045928
1038	1214.823	13.138	13.179	0.704731
1039	1216.002	13.145	13.144	0.7045899
1040	1217.212	13.095	13.105	0.7046161
1041	1218.372	13.095	13.105	0.7047298
1042	1219.532	13.081	13.089	0.7047283
1043	1220.695	13.081	13.089	0.7046869
1044	1221.863	13.061	13.088	0.7048107
1045	1223.023	13.061	13.088	0.7044954
1046	1224.184	13.028	13.069	0.7044991
1047	1225.343	13.028	13.069	0.7046819
1048	1226.503	13.0	13.033	0.7042968
1049	1227.663	13.0	13.033	0.7045266
1050	1228.833	12.993	13.004	0.7043476
1051	1230.003	12.993	13.004	0.704256
1052	1231.183	12.959	12.993	0.7044596
1053	1232.364	12.959	12.993	0.7042721
1054	1233.524	12.94	12.987	0.7041491
1055	1234.694	12.94	12.987	0.7043567
1056	1235.864	12.937	12.973	0.7039793
1057	1237.044	12.937	12.973	0.7041159
1058	1238.214	12.934	12.947	0.7040926
1059	1239.394	12.934	12.947	0.7039203
1060	1240.564	12.91	12.917	0.7042315
1061	1241.734	12.91	12.917	0.703994
1062	1242.904	12.874	12.899	0.7038388
1063	1244.075	12.874	12.899	0.7040576
1064	1245.247	12.851	12.897	0.7038468
1065	1246.405	12.851	12.897	0.7037777
1066	1247.575	12.843	12.886	0.703917
1067	1248.745	12.843	12.886	0.7036495
1068	1249.915	12.838	12.858	0.7037167
1069	1251.075	12.838	12.858	0.7037858
1070	1252.245	12.816	12.823	0.7034957
1071	1253.405	12.816	12.823	0.7037742
1072	1254.565	12.778	12.797	0.7037046
1073	1255.725	12.778	12.797	0.7034609
1074	1256.885	12.75	12.793	0.7034169
1075	1258.046	12.75	12.793	0.7033525
1076	1259.228	12.739	12.787	0.7031541
1077	1260.396	12.739	12.787	0.703271
1078	1261.566	12.738	12.765	0.7031323
1079	1262.726	12.738	12.765	0.7031919
1080	1263.906	12.719	12.725	0.703218
1081	1265.076	12.719	12.725	0.7028986
1082	1266.246	12.684	12.698	0.703105
1083	1267.426	12.684	12.698	0.7030271
1084	1268.596	12.653	12.69	0.7027341
1085	1269.843	12.653	12.69	0.7032782
1086	1271.017	12.645	12.694	0.7032058
1087	1272.297	12.639	12.675	0.7029086
1088	1273.467	12.639	12.675	0.7029866
1089	1274.647	12.628	12.637	0.7031032
1090	1275.817	12.628	12.637	0.7026666
1091	1276.987	12.596	12.604	0.7029934
1092	1278.157	12.596	12.604	0.7030712
1093	1279.327	12.566	12.596	0.7027491
1094	1280.497	12.566	12.596	0.702857
1095	1281.667	12.568	12.598	0.7026607
1096	1282.837	12.568	12.598	0.7022551
1097	1284.008	12.529	12.581	0.7025644
1098	1285.178	12.529	12.581	0.7021954
1099	1286.338	12.497	12.546	0.70217
1100	1287.498	12.497	12.546	0.702123
1101	1288.668	12.486	12.51	0.7017599
1102	1289.828	12.486	12.51	0.7022768
1103	1290.998	12.486	12.494	0.7021093
1104	1292.158	12.486	12.494	0.7016906
1105	1293.318	12.474	12.495	0.7021077
1106	1294.488	12.474	12.495	0.7018201
1107	1295.648	12.443	12.49	0.7015879
1108	1296.819	12.443	12.49	0.7020098
1109	1297.989	12.411	12.463	0.7014367
1110	1299.149	12.411	12.463	0.701818
1111	1300.319	12.395	12.425	0.7017375
1112	1301.489	12.395	12.425	0.7013087
1113	1302.649	12.388	12.4	0.7015356
1114	1303.819	12.388	12.4	0.7016971
1115	1304.989	12.377	12.394	0.7011282
1116	1306.159	12.377	12.394	0.7014013
1117	1307.329	12.348	12.389	0.7012348
1118	1308.499	12.348	12.389	0.7010629
1119	1309.67	12.311	12.365	0.7013025
1120	1310.84	12.311	12.365	0.7009588
1121	1312.01	12.291	12.327	0.7010878
1122	1313.18	12.291	12.327	0.7013047
1123	1314.35	12.289	12.303	0.7008928
1124	1315.52	12.289	12.303	0.7011402
1125	1316.69	12.281	12.293	0.7010697
1126	1317.85	12.281	12.293	0.7006339
1127	1319.01	12.256	12.293	0.7010466
1128	1320.17	12.256	12.293	0.7006207
1129	1321.33	12.221	12.276	0.7003596
1130	1322.491	12.221	12.276	0.7008303
1131	1323.651	12.196	12.24	0.700371
1132	1324.892	12.196	12.24	0.7006375
1133	1326.061	12.187	12.205	0.7007076
1134	1327.291	12.183	12.193	0.7002161
1135	1328.461	12.183	12.193	0.7002805
1136	1329.631	12.162	12.191	0.7003412
1137	1330.791	12.162	12.191	0.6997806
1138	1331.961	12.126	12.178	0.700084
1139	1333.131	12.126	12.178	0.7002242
1140	1334.301	12.095	12.145	0.6996668
1141	1335.472	12.095	12.145	0.70019
1142	1336.642	12.094	12.132	0.6998875
1143	1337.802	12.094	12.132	0.6996087
1144	1338.972	12.06	12.104	0.6997937
1145	1340.142	12.06	12.104	0.6995391
1146	1341.312	12.041	12.067	0.69969
1147	1342.482	12.041	12.067	0.6998988
1148	1343.652	12.035	12.045	0.6991137
1149	1344.822	12.035	12.045	0.6996886
1150	1345.992	12.031	12.044	0.6993432
1151	1347.153	12.031	12.044	0.6989173
1152	1348.324	12.006	12.04	0.6994259
1153	1349.493	12.006	12.04	0.6991209
1154	1350.663	11.97	12.015	0.6989628
1155	1351.823	11.97	12.015	0.6991709
1156	1352.983	11.944	11.976	0.6987895
1157	1354.143	11.944	11.976	0.698981
1158	1355.303	11.935	11.948	0.6990088
1159	1356.463	11.935	11.948	0.6983588
1160	1357.623	11.934	11.944	0.6987619
1161	1358.793	11.934	11.944	0.6987449
1162	1359.953	11.915	11.944	0.6984283
1163	1361.124	11.915	11.944	0.6987743
1164	1362.294	11.879	11.923	0.6982834
1165	1363.454	11.879	11.923	0.6983152
1166	1364.624	11.846	11.882	0.6983509
1167	1365.794	11.846	11.882	0.6976951
1168	1366.964	11.834	11.85	0.6979001
1169	1368.134	11.834	11.85	0.6980849
1170	1369.304	11.834	11.874	0.6974409
1171	1370.474	11.834	11.874	0.6978296
1172	1371.644	11.823	11.845	0.6977251
1173	1372.815	11.823	11.845	0.6973389
1174	1373.985	11.787	11.829	0.6978197
1175	1375.155	11.787	11.829	0.6973338
1176	1376.325	11.752	11.793	0.6971776
1177	1377.495	11.752	11.793	0.6977009
1178	1378.665	11.736	11.757	0.6968408
1179	1379.924	11.736	11.757	0.6972523
1180	1381.095	11.733	11.742	0.6973944
1181	1382.345	11.723	11.74	0.6971005
1182	1383.505	11.723	11.74	0.6967714
1183	1384.665	11.694	11.733	0.697079
1184	1385.826	11.694	11.733	0.6967136
1185	1386.986	11.658	11.702	0.6969804
1186	1388.146	11.658	11.702	0.6971876
1187	1389.306	11.636	11.662	0.6961393
1188	1390.466	11.636	11.662	0.6964859
1189	1391.626	11.632	11.642	0.6963749
1190	1392.786	11.632	11.642	0.6960016
1191	1393.956	11.59	11.64	0.6963189
1192	1395.126	11.59	11.64	0.6957895
1193	1396.286	11.577	11.634	0.6958339
1194	1397.456	11.577	11.634	0.6960667
1195	1398.627	11.576	11.605	0.6952533
1196	1399.797	11.576	11.605	0.6956031
1197	1400.967	11.567	11.57	0.6958186
1198	1402.137	11.567	11.57	0.6949012
1199	1403.307	11.533	11.545	0.6956248
1200	1404.477	11.533	11.545	0.6952682
1201	1405.647	11.499	11.543	0.6947162
1202	1406.817	11.499	11.543	0.6956306
1203	1407.987	11.482	11.54	0.6946773
1204	1409.157	11.482	11.54	0.6947317
1205	1410.328	11.479	11.517	0.6950237
1206	1411.498	11.479	11.517	0.6941518
1207	1412.668	11.436	11.472	0.6945369
1208	1413.828	11.436	11.472	0.6949198
1209	1414.998	11.435	11.484	0.6938168
1210	1416.158	11.435	11.484	0.6943919
1211	1417.318	11.399	11.435	0.6942539
1212	1418.478	11.399	11.435	0.6936308
1213	1419.638	11.377	11.435	0.6941094
1214	1420.798	11.377	11.435	0.6936194
1215	1421.958	11.372	11.418	0.6937699
1216	1423.118	11.372	11.418	0.6939159
1217	1424.289	11.367	11.38	0.693096
1218	1425.449	11.367	11.38	0.6937079
1219	1426.609	11.341	11.344	0.6934168
1220	1427.781	11.341	11.344	0.6926805
1221	1428.939	11.304	11.331	0.6932273
1222	1430.109	11.304	11.331	0.6924353
1223	1431.279	11.281	11.337	0.6927717
1224	1432.439	11.281	11.337	0.6929409
1225	1433.609	11.275	11.327	0.6918235
1226	1434.789	11.275	11.327	0.6924061
1227	1435.959	11.272	11.291	0.69261
1228	1437.13	11.272	11.291	0.6912757
1229	1438.3	11.25	11.252	0.6921838
1230	1439.551	11.25	11.252	0.6918597
1231	1440.72	11.21	11.232	0.691122
1232	1441.97	11.176	11.23	0.6916035
1233	1443.14	11.176	11.23	0.6916126
1234	1444.31	11.164	11.221	0.6905719
1235	1445.48	11.164	11.221	0.6913879
1236	1446.65	11.164	11.193	0.6912839
1237	1447.81	11.164	11.193	0.6903527
1238	1448.98	11.147	11.15	0.6909081
1239	1450.141	11.147	11.15	0.6905127
1240	1451.3	11.111	11.124	0.6899103
1241	1452.461	11.111	11.124	0.6906199
1242	1453.631	11.102	11.121	0.6893372
1243	1454.791	11.102	11.121	0.6895866
1244	1455.951	11.071	11.116	0.690007
1245	1457.111	11.071	11.116	0.6889089
1246	1458.281	11.031	11.089	0.6895137
1247	1459.441	11.031	11.089	0.6892328
1248	1460.601	11.007	11.064	0.6883811
1249	1461.771	11.007	11.064	0.6893314
1250	1462.942	11.001	11.02	0.6882347
1251	1464.112	11.001	11.02	0.6883935
1252	1465.292	10.999	11.014	0.6888252
1253	1466.452	10.999	11.014	0.6872547
1254	1467.622	10.976	11.013	0.6880323
1255	1468.802	10.976	11.013	0.6880407
1256	1469.982	10.935	10.993	0.6870385
1257	1471.162	10.935	10.993	0.6879375
1258	1472.342	10.903	10.952	0.6876745
1259	1473.522	10.903	10.952	0.6864884
1260	1474.693	10.893	10.916	0.6873062
1261	1475.863	10.893	10.916	0.6867918
1262	1477.033	10.892	10.905	0.6866351
1263	1478.203	10.892	10.905	0.6871254
1264	1479.373	10.876	10.907	0.6859145
1265	1480.543	10.876	10.907	0.6859854
1266	1481.713	10.84	10.896	0.686558
1267	1482.873	10.84	10.896	0.6850862
1268	1484.033	10.803	10.858	0.685876
1269	1485.193	10.803	10.858	0.6861655
1270	1486.353	10.789	10.818	0.6845763
1271	1487.513	10.789	10.818	0.6854625
1272	1488.674	10.791	10.803	0.6847444
1273	1489.834	10.791	10.803	0.6843728
1274	1490.994	10.782	10.806	0.6854431
1275	1492.154	10.782	10.806	0.6834739
1276	1493.324	10.751	10.802	0.6846275
1277	1494.497	10.751	10.802	0.6850191
1278	1495.654	10.716	10.773	0.6831477
1279	1496.9	10.716	10.773	0.6843414
1280	1498.094	10.701	10.735	0.6844818
1281	1499.304	10.699	10.714	0.6828848
1282	1500.474	10.699	10.714	0.6831613
1283	1501.645	10.694	10.715	0.6837255
1284	1502.815	10.694	10.715	0.6818161
1285	1503.985	10.667	10.713	0.683156
1286	1505.155	10.667	10.713	0.6823776
1287	1506.326	10.654	10.67	0.6812212
1288	1507.495	10.654	10.67	0.6825181
1289	1508.665	10.642	10.674	0.681399
1290	1509.835	10.642	10.674	0.6810334
1291	1511.015	10.609	10.654	0.6825225
1292	1512.175	10.609	10.654	0.6805155
1293	1513.346	10.577	10.616	0.6810823
1294	1514.516	10.577	10.616	0.6816817
1295	1515.686	10.565	10.585	0.6792426
1296	1516.846	10.565	10.585	0.6805702
1297	1518.006	10.563	10.578	0.6802065
1298	1519.166	10.563	10.578	0.6788298
1299	1520.326	10.553	10.58	0.6800146
1300	1521.486	10.553	10.58	0.6781822
1301	1522.646	10.523	10.567	0.6784959
1302	1523.806	10.523	10.567	0.6792181
1303	1524.976	10.488	10.53	0.6770847
1304	1526.136	10.488	10.53	0.678343
1305	1527.297	10.47	10.495	0.6782919
1306	1528.467	10.47	10.495	0.6762956
1307	1529.627	10.465	10.48	0.6777589
1308	1530.807	10.465	10.48	0.676464
1309	1531.977	10.459	10.482	0.6761701
1310	1533.147	10.459	10.482	0.6773622
1311	1534.317	10.416	10.472	0.6746988
1312	1535.487	10.416	10.472	0.6756521
1313	1536.657	10.395	10.44	0.6766729
1314	1537.827	10.395	10.44	0.6736812
1315	1538.998	10.368	10.398	0.6751643
1316	1540.168	10.368	10.398	0.6752157
1317	1541.338	10.361	10.378	0.672735
1318	1542.508	10.361	10.378	0.6743271
1319	1543.678	10.355	10.376	0.6732985
1320	1544.848	10.355	10.376	0.6720209
1321	1546.018	10.331	10.369	0.6736729
1322	1547.188	10.331	10.369	0.6710013
1323	1548.368	10.294	10.34	0.6717737
1324	1549.528	10.294	10.34	0.6728862
1325	1550.688	10.266	10.301	0.66948
1326	1551.934	10.266	10.301	0.6712955
1327	1553.099	10.26	10.28	0.6718807
1328	1554.34	10.256	10.274	0.6691256
1329	1555.499	10.256	10.274	0.6687575
1330	1556.659	10.242	10.276	0.6702988
1331	1557.819	10.242	10.276	0.6664459
1332	1558.979	10.21	10.255	0.6686779
1333	1560.149	10.21	10.255	0.6684442
1334	1561.309	10.207	10.218	0.6655705
1335	1562.469	10.207	10.218	0.6681592
1336	1563.639	10.182	10.191	0.6655248
1337	1564.799	10.182	10.191	0.6653868
1338	1565.97	10.151	10.189	0.6674929
1339	1567.14	10.151	10.189	0.6631649
1340	1568.31	10.124	10.188	0.6648255
1341	1569.48	10.124	10.188	0.6652463
1342	1570.65	10.113	10.166	0.6604924
1343	1571.82	10.113	10.166	0.6632696
1344	1572.99	10.105	10.124	0.6623695
1345	1574.16	10.105	10.124	0.659135
1346	1575.33	10.082	10.088	0.6619517
1347	1576.5	10.082	10.088	0.6587911
1348	1577.67	10.047	10.078	0.6580688
1349	1578.841	10.047	10.078	0.6606426
1350	1580.021	10.02	10.08	0.6557147
1351	1581.191	10.02	10.08	0.6572567
1352	1582.361	10.016	10.073	0.6591814
1353	1583.521	10.016	10.073	0.6534192
1354	1584.681	10.016	10.043	0.6565217
1355	1585.841	10.016	10.043	0.656533
1356	1587.002	10.002	10.008	0.6519441
1357	1588.161	10.002	10.008	0.6556979
1358	1589.321	9.97	9.994	0.6510915
1359	1590.482	9.97	9.994	0.6512755
1360	1591.642	9.94	9.994	0.6539398
1361	1592.812	9.94	9.994	0.6464923
1362	1593.982	9.929	9.991	0.6501589
1363	1595.152	9.929	9.991	0.6504367
1364	1596.322	9.925	9.962	0.6437588
1365	1597.492	9.925	9.962	0.6484716
1366	1598.652	9.917	9.926	0.6452578
1367	1599.822	9.917	9.926	0.6412961
1368	1600.992	9.884	9.901	0.6462643
1369	1602.162	9.884	9.901	0.6382274
1370	1603.333	9.85	9.897	0.63945
1371	1604.503	9.85	9.897	0.6429907
1372	1605.673	9.832	9.894	0.6320261
1373	1606.853	9.832	9.894	0.6365514
1374	1608.033	9.826	9.871	0.6382939
1375	1609.283	9.826	9.871	0.6267173
1376	1610.453	9.817	9.834	0.6308455
1377	1611.683	9.791	9.807	0.6336359
1378	1612.843	9.791	9.807	0.6220545
1379	1614.013	9.757	9.796	0.624898
1380	1615.174	9.757	9.796	0.627661
1381	1616.343	9.733	9.792	0.6133985
1382	1617.504	9.733	9.792	0.6203509
1383	1618.664	9.719	9.773	0.6173341
1384	1619.824	9.719	9.773	0.6084506
1385	1620.984	9.691	9.745	0.6157328
1386	1622.144	9.691	9.745	0.6024667
1387	1623.314	9.674	9.74	0.6031196
1388	1624.474	9.674	9.74	0.6074975
1389	1625.654	9.664	9.692	0.5884225
1390	1626.824	9.664	9.692	0.596759
1391	1627.994	9.653	9.69	0.5973232
1392	1629.154	9.653	9.69	0.5779463
1393	1630.325	9.625	9.675	0.5887508
1394	1631.495	9.625	9.675	0.5787153
1395	1632.665	9.595	9.645	0.5685927
1396	1633.835	9.595	9.645	0.5793867
1397	1635.005	9.577	9.639	0.5559683
1398	1636.175	9.577	9.639	0.5570231
1399	1637.355	9.567	9.596	0.5655352
1400	1638.525	9.567	9.596	0.5291095
1401	1639.695	9.553	9.588	0.5408462
1402	1640.865	9.553	9.588	0.5458261
1403	1642.036	9.53	9.576	0.5051698
1404	1643.216	9.53	9.576	0.5249196
1405	1644.386	9.501	9.545	0.5173317
1406	1645.556	9.501	9.545	0.478935
1407	1646.736	9.478	9.52	0.5052366
1408	1647.926	9.478	9.52	0.4804897
1409	1649.096	9.467	9.497	0.4478059
1410	1650.256	9.467	9.497	0.4772299
1411	1651.416	9.458	9.489	0.4079391
1412	1652.576	9.458	9.489	0.4136977
1413	1653.746	9.434	9.478	0.4361381
1414	1654.916	9.434	9.478	0.3191923
1415	1656.077	9.41	9.444	0.3738104
1416	1657.247	9.41	9.444	0.3658419
1417	1658.417	9.377	9.423	0.2454725
1418	1659.587	9.377	9.423	0.3191818
1419	1660.757	9.363	9.395	0.2250625
1420	1662.038	9.363	9.395	0.1319183
1421	1663.207	9.345	9.382	0.2006375
1422	1664.567	9.322	9.377	0.2078245
1423	1665.807	9.322	9.377	0.1566188
1424	1666.977	9.318	9.368	0.06082133
1425	1668.148	9.318	9.368	0.1248109
1426	1669.319	9.293	9.339	0.05316855
1427	1670.498	9.293	9.339	0.0398337
1428	1671.678	9.289	9.329	0.07014918
1429	1672.848	9.289	9.329	0.02517019
1430	1674.018	9.259	9.3	0.02634271
1431	1675.188	9.259	9.3	0.03724984
1432	1676.358	9.237	9.27	0.01722899
1433	1677.528	9.237	9.27	0.02069109
1434	1678.698	9.226	9.252	0.0214987
1435	1679.869	9.226	9.252	0.01407289
1436	1681.049	9.217	9.245	0.01647907
1437	1682.229	9.217	9.245	0.01501962
1438	1683.399	9.197	9.234	0.0118608
1439	1684.569	9.197	9.234	0.01380168
1440	1685.739	9.166	9.208	0.01132108
1441	1686.909	9.166	9.208	0.01046873
1442	1688.069	9.136	9.173	0.01182167
1443	1689.229	9.136	9.173	0.00892696
1444	1690.399	9.12	9.148	0.00954178
1445	1691.559	9.12	9.148	0.01004688
1446	1692.719	9.113	9.14	0.007791677
1447	1693.88	9.113	9.14	0.008694354
1448	1695.04	9.098	9.133	0.007845061
1449	1696.2	9.098	9.133	0.007044888
1450	1697.37	9.065	9.107	0.00778047
1451	1698.53	9.065	9.107	0.006324499
1452	1699.7	9.033	9.072	0.0064927
1453	1700.87	9.033	9.072	0.006775543
1454	1702.04	9.011	9.041	0.005482166
1455	1703.292	9.011	9.041	0.005896376
1456	1704.47	8.999	9.027	0.005983613
1457	1705.691	8.988	9.02	0.005111236
1458	1706.881	8.988	9.02	0.005043512
1459	1708.051	8.961	9.002	0.005355207
1460	1709.221	8.961	9.002	0.00449344
1461	1710.391	8.927	8.968	0.004693627
1462	1711.561	8.927	8.968	0.004811076
1463	1712.731	8.903	8.935	0.00412251
1464	1713.901	8.903	8.935	0.00440162
1465	1715.081	8.894	8.922	0.004314466
1466	1716.251	8.894	8.922	0.003889306
1467	1717.421	8.885	8.916	0.004133627
1468	1718.604	8.885	8.916	0.00385426
1469	1719.792	8.861	8.901	0.003664254
1470	1720.962	8.861	8.901	0.003845433
1471	1722.132	8.828	8.871	0.003557159
1472	1723.302	8.828	8.871	0.003548502
1473	1724.462	8.822	8.839	0.003664594
1474	1725.622	8.822	8.839	0.003362572
1475	1726.782	8.794	8.819	0.00344022
1476	1727.942	8.794	8.819	0.003450743
1477	1729.102	8.762	8.811	0.00326218
1478	1730.272	8.762	8.811	0.003347465
1479	1731.434	8.765	8.803	0.003255308
1480	1732.593	8.765	8.803	0.003214826
1481	1733.773	8.735	8.781	0.00328136
1482	1734.933	8.735	8.781	0.003138195
1483	1736.103	8.724	8.745	0.00316094
1484	1737.273	8.724	8.745	0.003183004
1485	1738.433	8.7	8.719	0.00307803
1486	1739.613	8.7	8.719	0.003112993
1487	1740.783	8.668	8.709	0.003091861
1488	1741.943	8.668	8.709	0.003037634
1489	1743.113	8.643	8.702	0.003081595
1490	1744.284	8.643	8.702	0.003036109
1491	1745.454	8.634	8.686	0.003017778
1492	1746.624	8.634	8.686	0.003041709
1493	1747.794	8.626	8.654	0.002995631
1494	1748.964	8.626	8.654	0.003000551
1495	1750.134	8.603	8.62	0.003010648
1496	1751.304	8.603	8.62	0.002970086
1497	1752.484	8.57	8.605	0.002983069
1498	1753.654	8.57	8.605	0.002984172
1499	1754.824	8.54	8.598	0.002958461
1500	1756.064	8.54	8.598	0.002966949
1501	1757.254	8.527	8.585	0.002968218
1502	1758.455	8.517	8.554	0.002948106
1503	1759.625	8.517	8.554	0.002949381
1504	1760.785	8.5	8.518	0.002950314
1505	1761.945	8.5	8.518	0.002938091
1506	1763.105	8.471	8.499	0.002944541
1507	1764.265	8.471	8.499	0.002937161
1508	1765.435	8.462	8.493	0.002933168
1509	1766.615	8.462	8.493	0.002939282
1510	1767.775	8.427	8.488	0.002926466
1511	1768.935	8.427	8.488	0.002931558
1512	1770.105	8.421	8.463	0.002932239
1513	1771.266	8.421	8.463	0.002926128
1514	1772.436	8.41	8.43	0.002926637
1515	1773.606	8.41	8.43	0.002924261
1516	1774.766	8.383	8.407	0.002921628
1517	1775.936	8.383	8.407	0.002922308
1518	1777.106	8.346	8.395	0.00291849
1519	1778.276	8.346	8.395	0.002917726
1520	1779.449	8.336	8.384	0.002918743
1521	1780.616	8.336	8.384	0.002915434
1522	1781.786	8.305	8.36	0.002916622
1523	1782.957	8.305	8.36	0.002915687
1524	1784.127	8.275	8.325	0.0029117
1525	1785.297	8.275	8.325	0.002915094
1526	1786.467	8.261	8.297	0.00291221
1527	1787.627	8.261	8.297	0.002909069
1528	1788.787	8.253	8.287	0.002911615
1529	1789.947	8.253	8.287	0.002907032
1530	1791.107	8.236	8.28	0.00290712
1531	1792.267	8.236	8.28	0.002910767
1532	1793.427	8.207	8.261	0.002906098
1533	1794.587	8.207	8.261	0.002909917
1534	1795.748	8.181	8.232	0.00290839
1535	1796.91	8.181	8.232	0.002907372
1536	1798.078	8.165	8.204	0.00290788
1537	1799.248	8.165	8.204	0.002905419
1538	1800.408	8.157	8.191	0.002906353
1539	1801.578	8.157	8.191	0.002905506
1540	1802.748	8.146	8.187	0.002904486
1541	1803.908	8.146	8.187	0.002903723
1542	1805.078	8.12	8.173	0.002906014
1543	1806.248	8.12	8.173	0.002904148
1544	1807.418	8.088	8.142	0.002903044
1545	1808.589	8.088	8.142	0.00290279
1546	1809.759	8.063	8.109	0.002901771
1547	1810.929	8.063	8.109	0.002901516
1548	1812.099	8.034	8.078	0.002901089
1549	1813.269	8.034	8.078	0.00290228
1550	1814.439	7.984	8.039	0.002901176
1551	1815.68	7.984	8.039	0.002900923
1552	1816.849	7.896	7.974	0.002900669
1553	1818.089	7.775	7.866	0.002899648
1554	1819.259	7.775	7.866	0.002900413
1555	1820.43	7.619	7.714	0.002900328
1556	1821.59	7.619	7.714	0.002898461
1557	1822.75	7.485	7.561	0.002899055
1558	1823.91	7.485	7.561	0.002899905
1559	1825.07	7.358	7.447	0.00289931
1560	1826.23	7.358	7.447	0.002900073
1561	1827.39	7.19	7.297	0.002898971
1562	1828.55	7.19	7.297	0.002901432
1563	1829.72	7.006	7.12	0.002898461
1564	1830.89	7.006	7.12	0.002898801
1565	1832.052	6.802	6.827	0.002900158
1566	1833.22	6.802	6.827	0.002899395
1567	1834.391	6.591	6.627	0.002898799
1568	1835.561	6.591	6.627	0.002899225
1569	1836.741	6.444	6.459	0.00289999
1570	1837.911	6.444	6.459	0.002897101
1571	1839.081	6.229	6.283	0.002899139
1572	1840.241	6.229	6.283	0.002897782
1573	1841.411	6.026	6.084	0.002899649
1574	1842.571	6.026	6.084	0.002899311
1575	1843.741	5.844	5.878	0.002898373
1576	1844.911	5.844	5.878	0.00289965
1577	1846.081	5.588	5.656	0.002897952
1578	1847.251	5.588	5.656	0.002898464
1579	1848.422	5.347	5.367	0.002898714
1580	1849.592	5.347	5.367	0.002898036
1581	1850.762	5.119	5.12	0.002897782
1582	1851.932	5.119	5.12	0.00289914
1583	1853.102	4.905	4.943	0.002898887
1584	1854.262	4.905	4.943	0.002899055
1585	1855.422	4.717	4.781	0.002898378
1586	1856.582	4.717	4.781	0.00289778
1587	1857.742	4.56	4.647	0.002897698
1588	1858.912	4.56	4.647	0.002898632
1589	1860.073	4.433	4.522	0.00289863
1590	1861.233	4.433	4.522	0.002898803
1591	1862.393	4.35	4.41	0.002897612
1592	1863.563	4.35	4.41	0.002899733
