# 2pts measurement, sourcing 1mA
# index	time	T_plat(K)	T_samp(K)	V(V)
0	0.089	4.504	4.529	0.002649208
1	1.289	4.391	4.443	0.002648697
2	2.455	4.391	4.443	0.002649121
3	3.608	4.313	4.368	0.002649292
4	4.769	4.313	4.368	0.002649207
5	5.928	4.238	4.293	0.002648867
6	7.093	4.238	4.293	0.002648697
7	8.249	4.168	4.222	0.002649971
8	9.414	4.168	4.222	0.002650565
9	10.569	4.111	4.161	0.002648697
10	11.732	4.111	4.161	0.002649037
11	12.896	4.056	4.113	0.002650139
12	14.058	4.056	4.113	0.00264929
13	15.209	4.73	4.61	0.002650394
14	16.372	4.73	4.61	0.002651246
15	17.523	5.322	5.298	0.002649799
16	18.671	5.322	5.298	0.00265031
17	19.826	5.621	5.615	0.002647848
18	20.993	5.621	5.615	0.002648526
19	22.155	5.825	5.818	0.002650139
20	23.316	5.825	5.818	0.002650396
21	24.479	6.027	5.99	0.002650477
22	25.641	6.027	5.99	0.002652435
23	26.807	6.239	6.264	0.002650732
24	27.958	6.239	6.264	0.002650054
25	29.106	6.422	6.447	0.002650141
26	30.258	6.422	6.447	0.002652431
27	31.413	6.557	6.584	0.00264997
28	32.569	6.557	6.584	0.00265048
29	33.721	6.757	6.745	0.00265065
30	34.87	6.757	6.745	0.002651159
31	36.02	6.943	6.93	0.002650307
32	37.169	6.943	6.93	0.002648867
33	38.326	7.038	7.058	0.002648186
34	39.474	7.038	7.058	0.002649631
35	40.625	7.163	7.167	0.002650479
36	41.785	7.163	7.167	0.002650141
37	42.945	7.342	7.274	0.002651756
38	44.11	7.342	7.274	0.00265201
39	45.277	7.517	7.496	0.002649462
40	46.458	7.517	7.496	0.002650311
41	47.633	7.614	7.613	0.002650733
42	48.799	7.614	7.613	0.002651582
43	49.946	7.776	7.723	0.002651075
44	51.109	7.776	7.723	0.002649799
45	52.258	7.933	7.905	0.002650908
46	53.411	7.933	7.905	0.002651583
47	54.566	8.041	8.022	0.002649544
48	55.732	8.041	8.022	0.002650566
49	56.882	8.118	8.112	0.002650139
50	58.032	8.118	8.112	0.002652177
51	59.184	8.211	8.177	0.002648355
52	60.35	8.211	8.177	0.002651499
53	61.512	8.356	8.343	0.00265065
54	62.659	8.356	8.343	0.00264963
55	63.804	8.441	8.436	0.002650649
56	64.954	8.441	8.436	0.002651753
57	66.147	8.525	8.501	0.002654042
58	67.3	8.525	8.501	0.00265328
59	68.461	8.702	8.587	0.002658203
60	69.609	8.702	8.587	0.002658287
61	70.762	8.803	8.73	0.002662532
62	71.911	8.803	8.73	0.002669149
63	73.059	8.861	8.869	0.002665161
64	74.206	8.861	8.869	0.002679249
65	75.367	8.901	8.878	0.00268298
66	76.516	8.901	8.878	0.02180071
67	77.677	9.048	9.069	0.02532908
68	78.824	9.048	9.069	0.0260487
69	79.975	9.146	9.172	0.03013851
70	81.15	9.146	9.172	0.03048777
71	82.312	9.206	9.229	0.03172053
72	83.533	9.372	9.381	0.04425761
73	84.68	9.372	9.381	0.05611179
74	85.83	9.7	9.708	0.08266076
75	86.988	9.7	9.708	0.2100871
76	88.133	9.924	9.932	0.2100793
77	89.278	9.924	9.932	0.2100754
78	90.426	10.055	10.075	0.2100784
79	91.573	10.055	10.075	0.2100719
80	92.726	10.13	10.16	0.210073
81	93.875	10.13	10.16	0.2100722
82	95.023	10.185	10.21	0.2100706
83	96.186	10.185	10.21	0.210072
84	97.336	10.242	10.249	0.2100715
85	98.499	10.242	10.249	0.2100706
86	99.648	10.121	10.123	0.2100738
87	100.798	10.121	10.123	0.2100698
88	101.957	9.997	10.008	0.2100772
89	103.108	9.997	10.008	0.2100718
90	104.259	9.93	9.957	0.2100732
91	105.439	9.93	9.957	0.2100824
92	106.588	9.879	9.911	0.2100743
93	107.734	9.879	9.911	0.2100685
94	108.913	11.22	11.228	0.2100679
95	110.063	11.22	11.228	0.2100676
96	111.216	12.676	12.53	0.2100675
97	112.365	12.676	12.53	0.2100682
98	113.518	13.328	13.237	0.2100687
99	114.665	13.328	13.237	0.2100684
100	115.81	13.816	13.237	0.2100689
101	116.958	13.816	13.237	0.21007
102	118.107	14.216	13.972	0.2100682
103	119.253	14.216	13.972	0.2100679
104	120.417	14.55	14.51	0.2100696
105	121.567	14.55	14.51	0.2100687
106	122.716	14.818	14.639	0.2100694
107	123.864	14.818	14.639	0.2100669
108	125.017	15.019	14.888	0.2100699
109	126.162	15.019	14.888	0.2100696
110	127.314	15.175	15.151	0.2100676
111	128.466	15.175	15.151	0.2100689
112	129.615	15.317	15.242	0.2100678
113	130.758	15.317	15.242	0.2100691
114	131.903	16.097	15.944	0.2100697
115	133.051	16.097	15.944	0.2100674
116	134.231	16.89	16.791	0.2100683
117	135.386	16.89	16.791	0.2100678
118	136.569	17.491	17.114	0.2100696
119	137.722	17.491	17.114	0.2100664
120	138.876	17.989	17.92	0.2100675
121	140.034	17.989	17.92	0.2100683
122	141.183	18.418	18.362	0.2100663
123	142.346	18.418	18.362	0.2100671
124	143.497	18.873	18.756	0.2100695
125	144.647	18.873	18.756	0.2100673
126	145.794	19.215	18.942	0.2100661
127	146.977	19.215	18.942	0.2100671
128	148.15	18.166	18.804	0.2100683
129	149.296	18.166	18.804	0.2100666
130	150.449	16.471	16.956	0.2100666
131	151.598	16.471	16.956	0.2100682
132	152.744	15.056	15.436	0.2100658
133	153.905	15.056	15.436	0.2100679
134	155.064	13.976	14.276	0.2100668
135	156.214	13.976	14.276	0.210067
136	157.373	13.232	13.81	0.210066
137	158.536	13.232	13.81	0.2100658
138	159.697	12.543	12.678	0.2100685
139	160.844	12.543	12.678	0.2100672
140	161.992	12.009	12.1	0.2100684
141	163.144	12.009	12.1	0.2100673
142	164.295	11.503	11.643	0.210069
143	165.452	11.503	11.643	0.2100696
144	166.599	11.216	11.309	0.2100693
145	167.746	11.216	11.309	0.2100692
146	168.91	10.988	11.073	0.2100694
147	170.058	10.988	11.073	0.2100683
148	171.205	10.684	10.95	0.2100691
149	172.361	10.684	10.95	0.2100672
150	173.511	10.505	10.563	0.2100697
151	174.658	10.505	10.563	0.2100674
152	175.807	10.291	10.323	0.2100681
153	176.967	10.291	10.323	0.2100706
154	178.129	10.141	10.186	0.2100681
155	179.283	10.141	10.186	0.2100678
156	180.464	10.011	10.047	0.210076
157	181.611	10.011	10.047	0.2100693
158	182.767	9.904	9.922	0.2100733
159	183.95	9.904	9.922	0.1651511
160	185.099	9.814	9.827	0.1326514
161	186.251	9.814	9.827	0.1035377
162	187.411	9.726	9.749	0.07579421
163	188.562	9.726	9.749	0.07507781
164	189.71	9.636	9.669	0.06331256
165	190.86	9.636	9.669	0.05820747
166	192.01	9.552	9.585	0.05680116
167	193.169	9.552	9.585	0.0484498
168	194.328	9.486	9.509	0.04858538
169	195.477	9.486	9.509	0.04643539
170	196.63	9.439	9.455	0.04337567
171	197.781	9.439	9.455	0.04397625
172	198.928	9.394	9.419	0.04026687
173	200.078	9.394	9.419	0.03878977
174	201.225	9.338	9.365	0.03689913
175	202.372	9.338	9.365	0.03293792
176	203.533	9.259	9.281	0.03318278
177	204.68	9.259	9.281	0.03068342
178	205.829	9.187	9.215	0.03007923
179	206.98	9.187	9.215	0.03020605
180	208.132	9.157	9.166	0.0266518
181	209.285	9.157	9.166	0.02780446
182	210.435	9.114	9.138	0.02595542
183	211.581	9.114	9.138	0.02473495
184	212.74	9.08	9.122	0.02568712
185	213.889	9.08	9.122	0.02297407
186	215.04	9.063	9.105	0.02368758
187	216.19	9.063	9.105	0.02248426
188	217.337	9.03	9.067	0.004036435
189	218.501	9.03	9.067	0.004787284
190	219.652	8.969	8.98	0.002792029
191	220.808	8.969	8.98	0.002689091
192	221.958	8.921	8.931	0.002689514
193	223.128	8.921	8.931	0.002669998
194	224.288	8.879	8.908	0.002676953
195	225.439	8.879	8.908	0.002671438
196	226.589	8.853	8.897	0.002668385
197	227.737	8.853	8.897	0.002649631
198	228.886	8.599	8.862	0.00264819
199	230.031	8.599	8.862	0.002646998
200	231.18	7.304	7.479	0.002646153
201	232.333	7.304	7.479	0.002648359
